[ 1.  1.  2.  1.  3.  1.  4.  1.  1.  2.  2.  2.  3.  2.  4.  2.  1.  3.
  2.  3.  3.  3.  4.  3.  1.  4.  2.  4.  3.  4.  4.  4. -1.  1. -2.  1.
 -3.  1. -4.  1. -1.  2. -2.  2. -3.  2. -4.  2. -1.  3. -2.  3. -3.  3.
 -4.  3. -1.  4. -2.  4. -3.  4. -4.  4. -1. -1. -2. -1. -3. -1. -4. -1.
 -1. -2. -2. -2. -3. -2. -4. -2. -1. -3. -2. -3. -3. -3. -4. -3. -1. -4.
 -2. -4. -3. -4. -4. -4.  1. -1.  2. -1.  3. -1.  4. -1.  1. -2.  2. -2.
  3. -2.  4. -2.  1. -3.  2. -3.  3. -3.  4. -3.  1. -4.  2. -4.  3. -4.
  4. -4.]
Line search error in SR1 at iteration:  8

Iterations:  8
Function Evaluations:  16
Gradient Evaluations:  16
gk = 
[-0.3889299  -0.3889299  -0.01042511  0.28998393  0.3023502   0.3778287
  0.20474993 -0.40481634  0.28998393 -0.01042511  0.14627968  0.14627968
 -0.16776489 -0.02831693  0.04723739  0.10824275  0.3778287   0.3023502
 -0.02831693 -0.16776489  0.00989573  0.00989573 -0.01729248  0.13908379
 -0.40481634  0.20474993  0.10824275  0.04723739  0.13908379 -0.01729248
  0.19389501  0.19389501  0.3889299  -0.3889299   0.01042511  0.28998393
 -0.3023502   0.3778287  -0.20474993 -0.40481634 -0.28998393 -0.01042511
 -0.14627968  0.14627968  0.16776489 -0.02831693 -0.04723739  0.10824275
 -0.3778287   0.3023502   0.02831693 -0.16776489 -0.00989573  0.00989573
  0.01729248  0.13908379  0.40481634  0.20474993 -0.10824275  0.04723739
 -0.13908379 -0.01729248 -0.19389501  0.19389501  0.3889299   0.3889299
  0.01042511 -0.28998393 -0.3023502  -0.3778287  -0.20474993  0.40481634
 -0.28998393  0.01042511 -0.14627968 -0.14627968  0.16776489  0.02831693
 -0.04723739 -0.10824275 -0.3778287  -0.3023502   0.02831693  0.16776489
 -0.00989573 -0.00989573  0.01729248 -0.13908379  0.40481634 -0.20474993
 -0.10824275 -0.04723739 -0.13908379  0.01729248 -0.19389501 -0.19389501
 -0.3889299   0.3889299  -0.01042511 -0.28998393  0.3023502  -0.3778287
  0.20474993  0.40481634  0.28998393  0.01042511  0.14627968 -0.14627968
 -0.16776489  0.02831693  0.04723739 -0.10824275  0.3778287  -0.3023502
 -0.02831693  0.16776489  0.00989573 -0.00989573 -0.01729248 -0.13908379
 -0.40481634 -0.20474993  0.10824275 -0.04723739  0.13908379  0.01729248
  0.19389501 -0.19389501]
xk = 
[ 0.98444223  0.98444223  1.98022664  1.00351761  2.97474926  1.00405964
  3.96631383  0.98614817  1.00351761  1.98022664  1.98287716  1.98287716
  2.9583725   1.9824877   3.93883233  1.98251981  1.00405964  2.97474926
  1.9824877   2.9583725   2.9589907   2.9589907   3.93857113  2.9766765
  0.98614817  3.96631383  1.98251981  3.93883233  2.9766765   3.93857113
  3.96872286  3.96872286 -0.98444223  0.98444223 -1.98022664  1.00351761
 -2.97474926  1.00405964 -3.96631383  0.98614817 -1.00351761  1.98022664
 -1.98287716  1.98287716 -2.9583725   1.9824877  -3.93883233  1.98251981
 -1.00405964  2.97474926 -1.9824877   2.9583725  -2.9589907   2.9589907
 -3.93857113  2.9766765  -0.98614817  3.96631383 -1.98251981  3.93883233
 -2.9766765   3.93857113 -3.96872286  3.96872286 -0.98444223 -0.98444223
 -1.98022664 -1.00351761 -2.97474926 -1.00405964 -3.96631383 -0.98614817
 -1.00351761 -1.98022664 -1.98287716 -1.98287716 -2.9583725  -1.9824877
 -3.93883233 -1.98251981 -1.00405964 -2.97474926 -1.9824877  -2.9583725
 -2.9589907  -2.9589907  -3.93857113 -2.9766765  -0.98614817 -3.96631383
 -1.98251981 -3.93883233 -2.9766765  -3.93857113 -3.96872286 -3.96872286
  0.98444223 -0.98444223  1.98022664 -1.00351761  2.97474926 -1.00405964
  3.96631383 -0.98614817  1.00351761 -1.98022664  1.98287716 -1.98287716
  2.9583725  -1.9824877   3.93883233 -1.98251981  1.00405964 -2.97474926
  1.9824877  -2.9583725   2.9589907  -2.9589907   3.93857113 -2.9766765
  0.98614817 -3.96631383  1.98251981 -3.93883233  2.9766765  -3.93857113
  3.96872286 -3.96872286]
fk = 
-119.106372847
 
Line search error in BFGS at iteration:  196

Iterations:  196
Function Evaluations:  239
Gradient Evaluations:  239
gk = 
[ -1.97895964e-06  -8.07839919e-07   1.06649227e-06  -1.16495834e-06
  -8.48736027e-07  -7.82483104e-07   5.19093500e-07   2.22973845e-07
  -3.13118271e-07   8.62824644e-07  -1.69397715e-06   1.32008479e-06
   1.67941658e-06   5.64078325e-07  -1.22468096e-06  -1.65409729e-07
  -5.24551058e-07  -9.90469331e-07   7.84725957e-08  -9.28890592e-07
  -4.90732760e-07  -1.54072286e-06   2.43506845e-07   2.23583224e-07
  -8.30548696e-07   2.22188135e-07   1.78831778e-07   5.88144399e-09
   4.67543875e-07   1.27878662e-07   3.26208298e-07   1.88043894e-07
   2.40986709e-06  -2.51072315e-07   1.44482027e-07  -1.28241649e-06
  -1.61063654e-06   4.04711510e-08   3.29310643e-07  -5.70289649e-07
   3.28947178e-06   4.59395607e-07  -3.93626099e-07  -2.52666682e-07
  -5.96614785e-07  -7.12881512e-07  -1.30434648e-06   1.13323102e-06
   1.13502344e-06   4.91520233e-08   1.50485622e-06   1.10214871e-06
   8.09412533e-07   6.03078121e-07  -4.05745959e-08  -3.63710354e-07
  -5.77220230e-07   5.13324157e-07  -4.83735112e-07  -4.82641222e-08
   5.15459356e-07  -1.48517366e-06  -8.05611701e-07   7.92280766e-07
   3.12687016e-07   1.15025061e-06  -4.74401938e-07   1.20979750e-06
  -2.76415229e-07   1.85430154e-07   6.01273549e-07  -6.86467432e-07
  -4.04581745e-07  -4.90988479e-07   1.50351175e-06  -9.08463224e-08
  -1.31631798e-06   4.04562850e-07  -1.68737863e-07   3.97016180e-07
   2.14366024e-07  -1.28491523e-07  -6.10942516e-07  -9.00177399e-07
   7.18566229e-07  -7.05794652e-07  -1.21373280e-06   2.62194231e-07
  -5.56168199e-07   3.25386963e-07  -2.54200271e-07   3.24842564e-07
   1.22407954e-06   3.67926824e-07  -4.18790836e-07  -1.97838779e-07
  -1.05802185e-06  -8.79712552e-08   2.06352091e-06   9.03110000e-07
  -9.73374648e-07  -4.47746739e-07   2.98699294e-07   1.27143837e-06
  -3.60744753e-07  -7.62268239e-07  -1.20854025e-06   1.91748381e-06
   2.57212433e-07  -6.54919432e-07   3.67970524e-07  -6.77062632e-07
   2.48447494e-07   7.40888951e-07   4.78176088e-07  -2.34220901e-06
   6.88515443e-07   3.09836823e-07  -1.13885057e-06   1.33072889e-06
   8.60544688e-07   2.89161688e-07   5.08579541e-08   1.68846134e-07
  -8.30279634e-07   4.69657417e-07   3.95893442e-07  -9.39147931e-07]
xk = 
[ 0.02631422  0.3357523   1.01529081  0.3732624   2.00411423  0.41060976
  2.99479592  0.44931563  0.48860428  1.21201252  1.47734395  1.24985689
  2.46660726  1.28618803  3.46492576  1.3225381  -0.0381383   2.05027802
  0.9507937   2.08955466  1.94061232  2.12631895  2.93169744  2.15942647
  0.42262931  2.93279368  1.41468841  2.96956719  2.40779954  3.00546018
  3.40609063  3.03086394 -0.96289767  0.29844138 -1.95251451  0.26181356
 -2.94378882  0.22369889 -3.47762477  1.05918369 -0.50074379  1.17419314
 -1.4903817   1.1366522  -2.48122231  1.10019999 -3.01374898  1.93987283
 -1.02830117  2.0122499  -1.55580652  2.85154454 -2.018136    1.97439895
 -2.54554015  2.8128128  -0.56592796  2.88891794 -1.08766118  3.73201135
 -2.08311572  3.69490317 -3.08085355  3.64798299 -0.43590515 -0.54023394
 -1.4252227  -0.57699614 -2.41488344 -0.61327041 -3.41298929 -0.6505235
  0.09100666 -1.37897575 -0.89866832 -1.41604507 -1.88821443 -1.45240454
 -2.87919849 -1.4866466  -0.37217396 -2.25516421 -1.36271409 -2.29199146
 -2.35361492 -2.32743931 -3.34931767 -2.35691223 -0.83621463 -3.13489799
 -1.82822244 -3.17115875 -2.82128834 -3.20414745 -3.81722885 -3.23630249
  0.55336273 -0.50293151  1.54268284 -0.46539634  2.53262808 -0.42736535
  3.52728102 -0.3843315   1.08078393 -1.34143237  2.0708105  -1.30334105
  3.06184465 -1.26390905  4.05769796 -1.22479371  0.61832526 -2.2177575
  1.60884381 -2.17981051  2.59962687 -2.14109208  3.59343021 -2.10393991
  0.15530987 -3.09772915  1.14668393 -3.06001659  2.13820904 -3.02163315
  3.13142466 -2.98408641]
fk = 
-176.438761107
 
Reached max number of iterations
Iterations:  1000
Function Evaluations:  1038
Gradient Evaluations:  1038
gk = 
[ 2.22716885 -0.71332779  0.03054182  0.16079423  0.10643875 -0.17697258
  0.25074292  0.21011464 -0.27839054  0.15935161 -1.16090443  0.99251129
 -0.46653883  1.53366568  0.76161668  1.31257667  0.36036425 -0.13692866
  0.27711655 -1.01902209 -0.96776531 -1.20301722 -0.45067275 -0.7877779
  0.12462908 -0.39459935 -1.1888506   0.50398153  0.9976349   0.43798206
  0.08968609 -0.03101231  4.11467096  3.54730665  2.56336972 -1.64170636
 -1.21518621 -0.27124176 -0.05004088 -0.10250025 -0.98684524  0.01986667
 -4.23861868 -3.4963227  -0.25239139  0.41629425  0.45986995 -0.13107896
  0.01431463 -1.07307068  0.8003825  -0.79387356 -0.69710697  0.77403434
 -0.36903239 -0.02096099  0.86727761  0.07440076 -0.78147047  0.10787107
 -2.20590437 -1.55306943  3.4695973   1.17884133 -2.23938821  1.07636485
  1.56305101  0.33198671  1.23667242  0.79441206 -0.07478829 -0.34415228
  0.25057689 -0.71200338 -0.0785068  -0.14491001  0.21267648 -0.01755222
 -0.3016981  -0.63986101  0.03296602  0.01219058 -0.39618661  0.35240521
  0.42555808  0.37432067  0.18299543  0.51677294  0.13054309 -0.13357976
 -0.20310682  0.32305641 -0.4652295   0.18393446 -0.07039103 -0.2356481
 -3.05757522  1.79658474  0.02678351 -0.69021465 -0.82524605 -0.27248565
  0.11906459 -0.1088159   0.80602846 -0.53124791 -0.22120165  0.0119061
  0.94782475 -0.74660489 -0.1060497  -0.02764336 -0.17315361 -0.3873796
  0.04033406  1.31481906  0.22872308  0.68369311 -0.32872583  0.14759029
  0.28193544  0.34530185  0.03894196 -0.52255197 -0.62830752 -0.36264014
  0.4391762  -0.27115839]
xk = 
[ 0.22655459  0.66738103  1.23402264  0.68638471  2.26398123  0.60734514
  3.23678698  0.42747773  0.37737769  2.45404457  0.83655391  1.5668145
  1.8209511   1.49387856  2.83102032  1.40881747  0.90885199  3.27602812
  1.37158433  2.38264866  2.36188102  2.30607754  3.35237983  2.24198121
  1.47611178  4.09251722  1.91064553  3.20368841  2.91190736  3.14153045
  3.90700513  3.06901721 -0.11162371  1.62027081 -0.72511784 -0.01211223
 -1.61859562  0.41517998 -3.30953029  0.32257401 -0.64199586  2.43224079
 -0.79740685  0.93606015 -1.64343947  1.41221856 -2.47772483  0.8737093
 -1.1530746   3.2658266  -1.63619942  2.39108378 -2.50682878  1.87658784
 -3.34341237  1.3316025  -0.12207959  3.30025627 -2.51515071  2.8698967
 -3.37059785  2.34295985 -4.19040177  1.82876159 -0.64521806 -0.97822205
 -1.5331105  -0.56431114 -2.42496908 -0.12780736 -3.24292149 -0.69016756
 -0.54002148 -1.96831456 -1.44361581 -1.54911576 -2.34417572 -1.12226723
 -3.15755789 -1.69245403 -0.42275634 -2.94152269 -1.34447791 -2.5322729
 -2.24814765 -2.11047495 -3.05690797 -2.68114336 -0.31151527 -3.92130828
 -1.23740397 -3.51659409 -2.15201369 -3.1012317  -2.96151359 -3.67750123
  0.15765662 -0.3484513   1.68707416 -0.15985471  2.62422555 -0.36758606
  3.57670345 -0.56735745  0.24324312 -1.38693068  1.00351911 -0.80762086
  1.94495722 -1.10520635  2.89577295 -1.35084863  0.38473289 -2.36091853
  1.1736629  -1.75790641  2.10906146 -2.06233679  3.04314055 -2.35043685
  0.50834857 -3.33508707  1.32604389 -2.73496272  2.2830803  -3.03382073
  3.24066782 -3.32871501]
fk = 
-168.628049243
 
