[ 1.  1.  2.  1.  3.  1.  4.  1.  5.  1.  6.  1.  7.  1.  1.  2.  2.  2.
  3.  2.  4.  2.  5.  2.  6.  2.  7.  2.  1.  3.  2.  3.  3.  3.  4.  3.
  5.  3.  6.  3.  7.  3.  1.  4.  2.  4.  3.  4.  4.  4.  5.  4.  6.  4.
  7.  4.  1.  5.  2.  5.  3.  5.  4.  5.  5.  5.  6.  5.  7.  5.  1.  6.
  2.  6.  3.  6.  4.  6.  5.  6.  6.  6.  7.  6.  1.  7.  2.  7.  3.  7.
  4.  7.  5.  7.  6.  7.  7.  7. -1.  1. -2.  1. -3.  1. -4.  1. -5.  1.
 -6.  1. -7.  1. -1.  2. -2.  2. -3.  2. -4.  2. -5.  2. -6.  2. -7.  2.
 -1.  3. -2.  3. -3.  3. -4.  3. -5.  3. -6.  3. -7.  3. -1.  4. -2.  4.
 -3.  4. -4.  4. -5.  4. -6.  4. -7.  4. -1.  5. -2.  5. -3.  5. -4.  5.
 -5.  5. -6.  5. -7.  5. -1.  6. -2.  6. -3.  6. -4.  6. -5.  6. -6.  6.
 -7.  6. -1.  7. -2.  7. -3.  7. -4.  7. -5.  7. -6.  7. -7.  7. -1. -1.
 -2. -1. -3. -1. -4. -1. -5. -1. -6. -1. -7. -1. -1. -2. -2. -2. -3. -2.
 -4. -2. -5. -2. -6. -2. -7. -2. -1. -3. -2. -3. -3. -3. -4. -3. -5. -3.
 -6. -3. -7. -3. -1. -4. -2. -4. -3. -4. -4. -4. -5. -4. -6. -4. -7. -4.
 -1. -5. -2. -5. -3. -5. -4. -5. -5. -5. -6. -5. -7. -5. -1. -6. -2. -6.
 -3. -6. -4. -6. -5. -6. -6. -6. -7. -6. -1. -7. -2. -7. -3. -7. -4. -7.
 -5. -7. -6. -7. -7. -7.  1. -1.  2. -1.  3. -1.  4. -1.  5. -1.  6. -1.
  7. -1.  1. -2.  2. -2.  3. -2.  4. -2.  5. -2.  6. -2.  7. -2.  1. -3.
  2. -3.  3. -3.  4. -3.  5. -3.  6. -3.  7. -3.  1. -4.  2. -4.  3. -4.
  4. -4.  5. -4.  6. -4.  7. -4.  1. -5.  2. -5.  3. -5.  4. -5.  5. -5.
  6. -5.  7. -5.  1. -6.  2. -6.  3. -6.  4. -6.  5. -6.  6. -6.  7. -6.
  1. -7.  2. -7.  3. -7.  4. -7.  5. -7.  6. -7.  7. -7.]
Line search error in SR1 at iteration:  24

Iterations:  24
Function Evaluations:  39
Gradient Evaluations:  39
gk = 
[-0.1643051  -0.1643051   0.24701852 -0.02523614  0.48764213 -0.26059708
  0.18827672  0.12340219 -0.74654778 -0.3251297   0.05479221  0.26778546
  0.31207312  0.57391293 -0.02523614  0.24701852 -0.03633625 -0.03633625
  0.17838145 -0.16826769 -0.01326092  0.29960385 -0.20388706  0.01267708
 -0.00973062 -0.23442209 -0.08100134  0.00661738 -0.26059708  0.48764213
 -0.16826769  0.17838145 -0.06435628 -0.06435628  0.08990051  0.19946976
  0.21565426 -0.07376886 -0.10000942 -0.10077304  0.07994046 -0.38404003
  0.12340219  0.18827672  0.29960385 -0.01326092  0.19946976  0.08990051
 -0.05016216 -0.05016216  0.18926397  0.0085577   0.38542345 -0.10230186
  0.19012645 -0.37478126 -0.3251297  -0.74654778  0.01267708 -0.20388707
 -0.07376886  0.21565426  0.0085577   0.18926397 -0.02219315 -0.02219315
 -0.01760449 -0.00930557  0.2549657   0.57313993  0.26778546  0.05479221
 -0.23442209 -0.00973062 -0.10077304 -0.10000942 -0.10230186  0.38542345
 -0.00930557 -0.01760449 -0.12712296 -0.12712296 -0.16573136  0.14945985
  0.57391293  0.31207312  0.00661738 -0.08100134 -0.38404003  0.07994046
 -0.37478126  0.19012645  0.57313993  0.2549657   0.14945985 -0.16573136
  0.05400916  0.05400916  0.1643051  -0.1643051  -0.24701852 -0.02523614
 -0.48764213 -0.26059708 -0.18827672  0.12340219  0.74654778 -0.3251297
 -0.05479221  0.26778546 -0.31207312  0.57391293  0.02523614  0.24701852
  0.03633625 -0.03633625 -0.17838145 -0.16826769  0.01326092  0.29960385
  0.20388706  0.01267708  0.00973062 -0.23442209  0.08100134  0.00661738
  0.26059708  0.48764213  0.16826769  0.17838145  0.06435628 -0.06435628
 -0.08990051  0.19946976 -0.21565426 -0.07376886  0.10000942 -0.10077304
 -0.07994046 -0.38404003 -0.12340219  0.18827672 -0.29960385 -0.01326092
 -0.19946976  0.08990051  0.05016216 -0.05016216 -0.18926397  0.0085577
 -0.38542345 -0.10230186 -0.19012645 -0.37478126  0.3251297  -0.74654778
 -0.01267708 -0.20388706  0.07376886  0.21565426 -0.0085577   0.18926397
  0.02219315 -0.02219315  0.01760449 -0.00930557 -0.2549657   0.57313993
 -0.26778546  0.05479221  0.23442209 -0.00973062  0.10077304 -0.10000942
  0.10230186  0.38542345  0.00930556 -0.01760449  0.12712296 -0.12712296
  0.16573136  0.14945985 -0.57391293  0.31207312 -0.00661738 -0.08100134
  0.38404003  0.07994046  0.37478126  0.19012645 -0.57313993  0.2549657
 -0.14945985 -0.16573136 -0.05400916  0.05400916  0.1643051   0.1643051
 -0.24701852  0.02523614 -0.48764213  0.26059708 -0.18827672 -0.12340219
  0.74654778  0.3251297  -0.05479221 -0.26778546 -0.31207312 -0.57391293
  0.02523614 -0.24701852  0.03633625  0.03633625 -0.17838145  0.16826769
  0.01326092 -0.29960385  0.20388706 -0.01267708  0.00973062  0.23442209
  0.08100134 -0.00661738  0.26059708 -0.48764213  0.16826769 -0.17838145
  0.06435628  0.06435628 -0.08990051 -0.19946976 -0.21565426  0.07376886
  0.10000942  0.10077304 -0.07994046  0.38404003 -0.12340219 -0.18827672
 -0.29960385  0.01326092 -0.19946976 -0.08990051  0.05016216  0.05016216
 -0.18926397 -0.0085577  -0.38542345  0.10230186 -0.19012645  0.37478126
  0.3251297   0.74654778 -0.01267708  0.20388706  0.07376886 -0.21565426
 -0.0085577  -0.18926397  0.02219315  0.02219315  0.01760449  0.00930556
 -0.2549657  -0.57313993 -0.26778546 -0.05479221  0.23442209  0.00973062
  0.10077304  0.10000942  0.10230186 -0.38542345  0.00930557  0.01760449
  0.12712296  0.12712296  0.16573136 -0.14945985 -0.57391293 -0.31207312
 -0.00661738  0.08100134  0.38404003 -0.07994046  0.37478126 -0.19012645
 -0.57313993 -0.2549657  -0.14945985  0.16573136 -0.05400916 -0.05400916
 -0.1643051   0.1643051   0.24701852  0.02523614  0.48764213  0.26059708
  0.18827672 -0.12340219 -0.74654778  0.3251297   0.05479221 -0.26778546
  0.31207312 -0.57391293 -0.02523614 -0.24701852 -0.03633625  0.03633625
  0.17838145  0.16826769 -0.01326092 -0.29960385 -0.20388706 -0.01267708
 -0.00973062  0.23442209 -0.08100134 -0.00661738 -0.26059708 -0.48764213
 -0.16826769 -0.17838145 -0.06435628  0.06435628  0.08990051 -0.19946976
  0.21565426  0.07376886 -0.10000942  0.10077304  0.07994046  0.38404003
  0.12340219 -0.18827672  0.29960385  0.01326092  0.19946976 -0.08990051
 -0.05016216  0.05016216  0.18926397 -0.0085577   0.38542345  0.10230186
  0.19012645  0.37478126 -0.3251297   0.74654778  0.01267708  0.20388706
 -0.07376886 -0.21565426  0.0085577  -0.18926397 -0.02219315  0.02219315
 -0.01760449  0.00930556  0.2549657  -0.57313993  0.26778546 -0.05479221
 -0.23442209  0.00973062 -0.10077303  0.10000942 -0.10230186 -0.38542345
 -0.00930556  0.01760449 -0.12712296  0.12712296 -0.16573136 -0.14945985
  0.57391293 -0.31207312  0.00661738  0.08100134 -0.38404003 -0.07994046
 -0.37478126 -0.19012645  0.57313993 -0.2549657   0.14945985  0.16573136
  0.05400916 -0.05400916]
xk = 
[ 0.9938306   0.9938306   1.98690069  1.06122129  2.98081812  1.01504499
  3.9705652   1.03572566  4.95911184  1.01772236  5.95618385  1.07072799
  6.94863283  0.99169205  1.06122129  1.98690069  2.03913906  2.03913906
  3.01147952  2.00023335  3.98082808  2.01484816  4.94973811  2.00385276
  5.92039604  2.04623818  6.89462057  1.97701479  1.01504499  2.98081812
  2.00023335  3.01147952  2.98851183  2.98851183  3.9789741   2.98813225
  4.96704461  2.99058641  5.94982358  3.01618229  6.93039791  2.96667925
  1.03572566  3.9705652   2.01484816  3.98082808  2.98813225  3.9789741
  3.95979263  3.95979263  4.93378152  3.9792098   5.9090341   3.9833732
  6.88847614  3.96427899  1.01772236  4.95911184  2.00385276  4.94973811
  2.99058641  4.96704461  3.9792098   4.93378152  4.96662716  4.96662716
  5.95198546  4.95044392  6.93535572  4.96895464  1.07072799  5.95618385
  2.04623818  5.92039604  3.01618229  5.94982358  3.9833732   5.9090341
  4.95044392  5.95198546  5.91919981  5.91919981  6.89443248  5.96427156
  0.99169205  6.94863283  1.97701479  6.89462057  2.96667925  6.93039791
  3.96427899  6.88847614  4.96895464  6.93535572  5.96427156  6.89443248
  6.95458748  6.95458748 -0.9938306   0.9938306  -1.98690069  1.06122129
 -2.98081812  1.01504499 -3.9705652   1.03572566 -4.95911184  1.01772236
 -5.95618385  1.07072799 -6.94863283  0.99169205 -1.06122129  1.98690069
 -2.03913906  2.03913906 -3.01147952  2.00023335 -3.98082808  2.01484816
 -4.94973811  2.00385276 -5.92039604  2.04623818 -6.89462057  1.97701479
 -1.01504499  2.98081812 -2.00023335  3.01147952 -2.98851183  2.98851183
 -3.9789741   2.98813225 -4.96704461  2.99058641 -5.94982358  3.01618229
 -6.93039791  2.96667925 -1.03572566  3.9705652  -2.01484816  3.98082808
 -2.98813225  3.9789741  -3.95979263  3.95979263 -4.93378152  3.9792098
 -5.9090341   3.9833732  -6.88847614  3.96427899 -1.01772236  4.95911184
 -2.00385276  4.94973811 -2.99058641  4.96704461 -3.9792098   4.93378152
 -4.96662716  4.96662716 -5.95198546  4.95044392 -6.93535572  4.96895464
 -1.07072799  5.95618385 -2.04623818  5.92039604 -3.01618229  5.94982358
 -3.9833732   5.9090341  -4.95044392  5.95198546 -5.91919981  5.91919981
 -6.89443248  5.96427156 -0.99169205  6.94863283 -1.97701479  6.89462057
 -2.96667925  6.93039791 -3.96427899  6.88847614 -4.96895464  6.93535572
 -5.96427156  6.89443248 -6.95458748  6.95458748 -0.9938306  -0.9938306
 -1.98690069 -1.06122129 -2.98081812 -1.01504499 -3.9705652  -1.03572566
 -4.95911184 -1.01772236 -5.95618385 -1.07072799 -6.94863283 -0.99169205
 -1.06122129 -1.98690069 -2.03913906 -2.03913906 -3.01147952 -2.00023335
 -3.98082808 -2.01484816 -4.94973811 -2.00385276 -5.92039604 -2.04623818
 -6.89462057 -1.97701479 -1.01504499 -2.98081812 -2.00023335 -3.01147952
 -2.98851183 -2.98851183 -3.9789741  -2.98813225 -4.96704461 -2.99058641
 -5.94982358 -3.01618229 -6.93039791 -2.96667925 -1.03572566 -3.9705652
 -2.01484816 -3.98082808 -2.98813225 -3.9789741  -3.95979263 -3.95979263
 -4.93378152 -3.9792098  -5.9090341  -3.9833732  -6.88847614 -3.96427899
 -1.01772236 -4.95911184 -2.00385276 -4.94973811 -2.99058641 -4.96704461
 -3.9792098  -4.93378152 -4.96662716 -4.96662716 -5.95198546 -4.95044392
 -6.93535572 -4.96895464 -1.07072799 -5.95618385 -2.04623818 -5.92039604
 -3.01618229 -5.94982358 -3.9833732  -5.9090341  -4.95044392 -5.95198546
 -5.91919981 -5.91919981 -6.89443248 -5.96427156 -0.99169205 -6.94863283
 -1.97701479 -6.89462057 -2.96667925 -6.93039791 -3.96427899 -6.88847614
 -4.96895464 -6.93535572 -5.96427156 -6.89443248 -6.95458748 -6.95458748
  0.9938306  -0.9938306   1.98690069 -1.06122129  2.98081812 -1.01504499
  3.9705652  -1.03572566  4.95911184 -1.01772236  5.95618385 -1.07072799
  6.94863283 -0.99169205  1.06122129 -1.98690069  2.03913906 -2.03913906
  3.01147952 -2.00023335  3.98082808 -2.01484816  4.94973811 -2.00385276
  5.92039604 -2.04623818  6.89462057 -1.97701479  1.01504499 -2.98081812
  2.00023335 -3.01147952  2.98851183 -2.98851183  3.9789741  -2.98813225
  4.96704461 -2.99058641  5.94982358 -3.01618229  6.93039791 -2.96667925
  1.03572566 -3.9705652   2.01484816 -3.98082808  2.98813225 -3.9789741
  3.95979263 -3.95979263  4.93378152 -3.9792098   5.9090341  -3.9833732
  6.88847614 -3.96427899  1.01772236 -4.95911184  2.00385276 -4.94973811
  2.99058641 -4.96704461  3.9792098  -4.93378152  4.96662716 -4.96662716
  5.95198546 -4.95044392  6.93535572 -4.96895464  1.07072799 -5.95618385
  2.04623818 -5.92039604  3.01618229 -5.94982358  3.9833732  -5.9090341
  4.95044392 -5.95198546  5.91919981 -5.91919981  6.89443248 -5.96427156
  0.99169205 -6.94863283  1.97701479 -6.89462057  2.96667925 -6.93039791
  3.96427899 -6.88847614  4.96895464 -6.93535572  5.96427156 -6.89443248
  6.95458748 -6.95458748]
fk = 
-430.331597547
 
Line search error in BFGS at iteration:  552

Iterations:  552
Function Evaluations:  609
Gradient Evaluations:  609
gk = 
[  5.10282714e-07   3.51089307e-07  -1.03296752e-07  -7.45427493e-08
   6.60661640e-08  -3.46327719e-06  -7.13290410e-07   1.02662412e-06
   9.64701773e-07  -2.06067580e-06   2.19184963e-07   6.18659976e-07
  -4.71124013e-08   6.92443457e-08  -6.30234649e-08  -1.74308399e-07
   9.18055495e-07  -7.83913339e-07  -1.64258883e-06   1.64072174e-06
   4.77038750e-07  -5.64154570e-07  -4.39290621e-07   4.40415856e-07
   1.17079213e-06   2.72079480e-07  -1.09646609e-06   4.30729711e-07
   4.40274560e-07   5.91500254e-07   2.87950308e-07  -5.20021282e-07
   2.62056995e-07   2.88758561e-07  -6.26451446e-07   1.09952173e-06
   1.91281298e-07  -7.54761190e-07   9.20593556e-08  -1.39279653e-07
   1.96797646e-07  -2.74369524e-07  -1.44691979e-08   2.06120565e-07
  -1.26598433e-07   1.05234872e-06  -6.55739198e-07   1.71437598e-07
  -5.10580059e-07  -1.17365557e-06   4.43226174e-07  -4.64043318e-07
   7.84002263e-07   6.39007981e-07  -1.17645019e-06   4.51959695e-07
   4.08089352e-07   1.82191776e-06   1.11070349e-06  -2.22202933e-06
   9.37274529e-07  -5.23394247e-07   2.21621617e-07  -4.44755789e-07
  -1.86479674e-06   1.67424755e-06   1.58832410e-06  -1.53678731e-06
  -1.66117399e-07   4.13411846e-07   1.13543179e-06  -1.05435224e-06
  -1.79819325e-06   2.44002120e-06   7.72106588e-07   3.64081089e-07
  -2.71753823e-07   1.32621865e-06  -1.70763888e-07  -6.28028791e-07
   3.95870925e-07  -2.15062171e-07   6.19906794e-08  -3.47773594e-08
   5.23654263e-08  -1.58696051e-07   1.63113241e-06  -6.80360330e-07
  -1.67275574e-06  -9.01738219e-07   2.14383782e-07  -4.46813722e-07
   6.36956106e-07   1.08986450e-07  -4.10743279e-08   1.62315609e-07
   8.64318448e-08  -5.68242955e-08  -1.02340101e-06   6.92202924e-07
  -1.01896847e-06  -7.77235297e-07   4.25658418e-07  -7.02500163e-07
  -7.23978866e-08   4.45397296e-07   2.41842329e-07  -2.99198408e-07
  -1.15891953e-06  -1.13380154e-08   7.05667339e-07  -4.33528481e-08
  -1.00789699e-06  -6.13291794e-07   1.75281277e-06   5.86399744e-07
  -1.05268200e-06  -3.23264178e-08   1.70066040e-06   2.62539496e-06
  -1.29681527e-06   1.38017095e-06  -1.03109039e-07   4.37387815e-07
   6.45748724e-07   1.13453337e-06  -3.52182901e-07  -9.73859096e-07
   8.58137954e-07  -1.43130345e-07  -4.52396734e-08   7.35816237e-07
   2.00858214e-07  -9.74599992e-09   7.97033006e-08  -3.30386292e-06
   2.58112097e-07  -1.38546536e-06  -4.23992419e-07  -6.10750828e-07
  -1.48679503e-06  -1.11220874e-06   1.73180236e-07  -1.10964441e-06
   9.13460984e-07   1.50065386e-06  -4.41815341e-07  -8.86078299e-08
   1.16382683e-06   8.90848619e-07  -1.59906503e-06  -1.66278594e-07
   2.00297812e-06   1.88761675e-06   7.76028562e-07   2.14236114e-07
  -5.60589751e-07  -1.34232327e-06  -1.64198586e-07  -1.14700729e-06
  -3.82030819e-07   1.61879675e-07  -4.94458754e-08  -2.11713820e-07
  -3.23495278e-07   8.03542475e-08   1.28920859e-07   1.83815367e-07
  -2.29768868e-07   1.70015814e-06  -1.10103825e-06   2.07370683e-06
   1.33102161e-06   2.12766212e-07  -1.60774355e-06  -5.93909161e-07
   7.00412896e-07   1.41511644e-07   8.45306709e-07  -1.38396294e-06
  -1.30712604e-06   1.01840618e-06  -1.78902625e-07  -5.86931893e-07
  -1.49393716e-07  -3.85189424e-07   6.15638358e-07   3.45371011e-07
  -1.44310163e-06  -6.32448780e-07  -6.78891796e-07  -6.98527224e-08
  -2.47027290e-06   1.81847851e-06   2.65333123e-06  -1.12399641e-06
   5.45182283e-07  -6.93142068e-07  -2.00310704e-07   3.09621954e-07
   3.35151030e-07  -5.62318998e-07   9.80039051e-07  -4.50416248e-07
  -1.10137599e-06  -4.12294396e-07  -2.91974414e-07  -4.52783538e-07
   5.31160978e-08  -4.57603632e-08  -3.31237062e-07  -3.59550390e-07
  -8.40527592e-08   3.37980842e-07  -3.23996559e-07  -3.78092652e-07
   9.18494243e-07  -2.80160469e-07  -7.16537448e-07  -4.00453131e-07
  -1.72861423e-07   1.71237464e-07   5.88919673e-07  -3.85059055e-07
  -1.45389521e-06   9.37108696e-07   9.74182760e-07  -6.51149383e-07
  -5.32740394e-07   3.03616634e-07   5.63412310e-07   2.29154649e-08
  -3.66495771e-08   5.12929072e-07  -2.24349687e-07   1.00906212e-08
   4.24844886e-07   2.78735763e-07  -2.59651807e-07   5.20642101e-07
   3.42725237e-07   1.13112699e-06   4.80104775e-08   5.09625265e-07
  -3.90883841e-07  -3.35865212e-07   1.37702990e-06  -1.81377536e-07
  -8.13120289e-07   8.52244450e-07   7.36963459e-07  -1.77719267e-07
   2.86814474e-07  -7.96092465e-07   2.24331718e-08  -7.41584682e-07
   6.22962621e-07   8.68670405e-08   5.67146534e-08   4.53195649e-07
  -4.03420009e-07  -1.95307940e-07  -9.65971991e-07  -4.58871821e-08
   4.48446733e-07  -1.40096114e-07   1.72253002e-07  -6.41696960e-07
  -1.62488925e-07   1.53213892e-07   2.90768380e-07  -5.09325921e-07
  -3.09355550e-07  -9.35599438e-07   1.32463968e-08  -6.29666943e-07
  -2.29853712e-07  -2.95531734e-07  -4.90705804e-07  -3.51020459e-07
   9.45801190e-08   5.27506633e-07  -2.50937682e-07   3.14460329e-07
   1.67725217e-07   6.56817569e-08  -1.82259283e-07   1.18122231e-06
  -5.06073590e-09   4.81999142e-07  -3.43794711e-07  -1.96043664e-07
   2.92873488e-07   1.95234372e-07   1.54350213e-07  -2.23730651e-07
  -7.69523911e-08  -6.73459359e-07   2.26866068e-07   2.77146333e-06
   1.69623289e-07  -1.11530685e-06  -1.04301866e-06   2.06115978e-06
   1.25301552e-06  -4.49363321e-07  -3.12444269e-07   1.13035668e-07
  -4.87359324e-07   1.46330535e-07   8.22772614e-07   1.95100425e-06
  -4.06005689e-07  -4.40534602e-07   1.39030368e-07   1.17558521e-07
  -8.47833397e-07   7.45715890e-08   1.16076522e-06  -4.98202070e-07
  -1.06177928e-06  -5.43058514e-07   1.06784728e-07  -1.66590323e-07
   1.18061118e-07  -2.22448050e-06   9.56874878e-08   5.94828451e-07
  -4.66249804e-07  -3.67266236e-07   4.75527833e-07   2.64171897e-07
   5.81812198e-07   4.40472046e-07  -1.09363130e-07   5.26951253e-07
   1.00971133e-06   2.27869737e-07  -2.10090702e-07   8.59448447e-07
   7.32891020e-08   5.14607414e-07  -3.55162002e-08  -3.93744502e-07
  -9.88329106e-08  -3.81422401e-07   8.46293348e-07   3.61969764e-07
  -1.04124991e-06  -6.20365175e-07  -3.77017147e-07  -2.90432921e-07
   1.22115871e-07   4.11038757e-07  -7.10398300e-08  -8.39665022e-08
   2.87616324e-07   7.33245555e-07   2.04272033e-07  -4.26607648e-08
  -1.65677353e-07   9.12926042e-08   2.44350157e-08  -2.57499450e-07
  -1.90532500e-07  -2.71767119e-07   2.92609167e-07  -1.21295461e-06
  -5.26891115e-07  -1.97233080e-07   2.85445202e-08  -7.35937013e-07
  -9.85987103e-07  -6.15554008e-07   2.98856474e-07   1.86671281e-08
   1.01304641e-07   5.95566298e-07  -1.95301207e-07   1.73529644e-07
   4.69488678e-07   6.90676931e-07  -1.74658410e-07   7.48488262e-08
   2.13002458e-07   9.75889498e-07   4.55955276e-07  -2.87061606e-08
  -1.06431489e-06  -2.15682887e-07   6.17251601e-07  -5.71310183e-07]
xk = 
[,0.34551486,0.52632998,1.3280558,0.45457172,2.30829508,0.39547234
,3.291902,0.35691575,4.28322503,0.32139171,5.27833846,0.28448781
,6.27548536,0.25159418,-0.11490131,1.411031,0.87406686,1.35115125
,1.85737218,1.290274,2.83987671,1.23984662,3.82615504,1.19724507
,4.81627415,1.15794517,5.80887731,1.12190715,0.4159229,2.23711269
,1.40346255,2.18126394,2.38784086,2.12723531,3.37243018,2.07874315
,4.35874558,2.03434641,5.34844156,1.99609652,6.340483,1.96399901
,0.94742852,3.06651962,1.93480755,3.01390273,2.46842305,3.84701146
,2.92071833,2.9629009,3.90710012,2.9147365,4.89657297,2.86951784
,5.44266267,3.69664651,1.02552997,4.7796732,1.48045229,3.89783466
,2.01527651,4.72987465,3.45577658,3.79701484,3.99280335,4.62944014
,4.44410378,3.74775622,4.98330698,4.57661768,0.57040082,5.66066288
,1.56149658,5.61183941,2.55202129,5.56215524,3.00415426,4.6797355
,3.54217631,5.51191883,4.53255483,5.46032766,5.52699688,5.4029385
,0.11401138,6.54487207,1.1069525,6.49683747,2.09907765,6.44766926
,3.0907618,6.39775685,4.08247405,6.34684394,5.07468971,6.29297403
,6.06965159,6.23826438,-0.64703012,0.59007888,-1.6454399,0.64235255
,-2.64233741,0.68079392,-3.63091233,0.70444183,-4.61745242,0.72976674
,-5.60363056,0.75939042,-6.59503869,0.7960728,-0.57551943,2.29008054
,-1.10906053,1.46455566,-2.10526308,1.51034783,-3.0993354,1.54703598
,-4.08881978,1.57621254,-5.076862,1.60630418,-6.06670596,1.641156
,-0.0426208,3.11825163,-1.56954225,2.33841533,-2.56382587,2.38118684
,-3.55604895,2.41770447,-4.54565117,2.45031064,-5.53421736,2.48400034
,-6.52877178,2.52278812,0.49089928,3.94830434,-1.0350216,3.16730502
,-2.02863855,3.21307939,-3.02166774,3.25460955,-4.01283058,3.29112735
,-5.00292926,3.32593148,-5.993941,3.36188038,0.03463677,4.82831964
,-0.50053534,3.99731225,-1.49338776,4.04417015,-3.47962077,4.13035769
,-4.47014529,4.16592442,-5.46175578,4.20181389,-6.45619945,4.23816927
,-0.42117028,5.70797174,-0.95758241,4.87569567,-1.95077512,4.92150294
,-2.48701845,4.08908821,-3.93859001,5.01175946,-5.92160263,5.07858887
,-6.91637809,5.12040695,-0.88110445,6.59191294,-1.41459675,5.7554154
,-2.40828215,5.80591344,-2.94502916,4.96846211,-4.93023311,5.04077758
,-5.38529458,5.92074512,-6.38112207,5.96141981,-0.18474368,-0.28907726
,-1.18463477,-0.22333428,-2.18577514,-0.17891005,-3.17133221,-0.16414869
,-4.15674506,-0.14493041,-5.14186812,-0.1209597,-6.13151191,-0.0907589
,-0.30002625,-1.98515566,-0.72373705,-1.08853097,-1.73240287,-1.02977405
,-2.70767567,-1.03020908,-3.69012367,-1.01575145,-4.67491453,-1.0000833
,-5.66152748,-0.97573675,-0.93039835,-2.72669648,-1.28342843,-1.86533415
,-2.24018817,-1.90407494,-3.20995231,-1.88216982,-4.19487999,-1.87265253
,-5.17881858,-1.86502567,-6.17063988,-1.83347551,-0.66790522,-3.61754263
,-1.78919167,-3.19685615,-2.70296276,-2.77363604,-3.69062443,-2.72884967
,-4.09929644,-3.61157083,-4.67927356,-2.7483468,-6.07354278,-3.69467348
,-0.54575512,-4.55527579,-1.47538022,-4.14611024,-2.27349392,-4.70672745
,-3.53452773,-4.4435764,-4.53989416,-4.49361666,-5.08286839,-3.65339868
,-5.53372763,-4.53458391,-0.41783817,-5.51071373,-1.34836132,-5.12674919
,-2.14263377,-5.70558086,-3.04057633,-5.30412726,-4.01502367,-5.33201654
,-5.00187582,-5.37305014,-5.99580079,-5.41101439,-0.272589,-6.48112185
,-1.21537541,-6.11161363,-2.03890256,-6.68679182,-3.46551001,-6.18761442
,-4.4642474,-6.21477114,-5.45840226,-6.25416328,-6.45398229,-6.29554253
,0.79838933,-0.37663321,1.77529461,-0.45169507,2.75853804,-0.49584783
,3.74622942,-0.51658789,4.74672043,-0.5478374,5.74569887,-0.58818373
,6.74369638,-0.62473561,0.2625584,-1.19505791,1.23812106,-1.30411783
,2.21868176,-1.35205654,3.2151389,-1.38013318,4.20972912,-1.37618898
,5.21400224,-1.41666988,6.2208283,-1.4661127,0.04412576,-2.9107675
,0.67886738,-2.14010282,1.66364722,-2.24179263,2.66914739,-2.23621106
,4.66197488,-2.23641154,5.68202552,-2.28281531,6.65628364,-2.38667364
,0.26096588,-3.87227889,1.01193098,-3.13518181,1.92402078,-3.54832952
,2.83577558,-3.9557801,4.42477077,-3.70486048,5.14206019,-3.07083094
,6.1057443,-3.24281616,0.3804974,-4.8547028,1.16779856,-4.19551393
,2.06846128,-4.57302016,3.72829933,-4.36835116,4.66608043,-4.67000968
,5.39230062,-3.99766307,6.34300629,-4.23571782,0.51038441,-5.83531562
,1.29381731,-5.19719563,2.20522849,-5.5703485,2.97329034,-4.96687413
,3.91983511,-5.3370203,5.61772062,-4.94917528,6.5694579,-5.210595
,0.66631563,-6.81804199,1.43159821,-6.18441672,2.34916824,-6.55801402
,3.13224377,-5.9448674,4.88232253,-5.63348277,5.84428336,-5.90998057
,6.8035657,-6.17897418]
fk = 
-563.524997014
 
Reached max number of iterations
Iterations:  1000
Function Evaluations:  1038
Gradient Evaluations:  1038
gk = 
[  8.24730565e-02  -8.91476462e-02   2.46524265e-02   2.72269089e-02
   4.98399734e-02  -1.73234810e-01  -3.88657525e-02   6.69651714e-02
   4.37819497e-02  -1.20900599e-01  -1.81931347e-02  -5.58600539e-03
   5.57752897e-02   6.70444661e-02   3.26374011e-02   3.12650272e-02
   4.28056925e-02   8.18311715e-02  -2.97837639e-02  -3.82807839e-02
  -9.85074882e-03   1.27809850e-01   8.66964792e-02   9.63140301e-02
  -9.05906550e-02   2.70234415e-02  -3.51797209e-02  -6.44071364e-03
  -3.87117168e-02  -4.11724767e-02   2.98192783e-02   7.55531625e-02
   5.74608202e-02   2.49291995e-03  -1.53525930e-02   6.12641500e-03
  -7.83283070e-02   6.44694129e-02   2.62815847e-02   1.16538080e-01
   3.87439451e-02   3.86288198e-03   1.30673962e-02  -3.13070498e-02
   1.86428576e-02  -6.75775141e-02   2.98032428e-02  -3.62264062e-03
   4.36619604e-02  -4.77957336e-02  -5.39773936e-02  -1.05469494e-02
   4.26638075e-02  -8.43145509e-02   9.00770041e-03   3.39996651e-02
  -6.31706697e-02   3.55519164e-02   1.58242004e-02  -2.89180055e-02
  -1.51098762e-04   1.42736495e-02   4.26745748e-02  -1.60089244e-02
   4.81006269e-02   5.06860826e-02  -1.70961200e-02  -3.06559150e-02
   2.26611805e-02  -1.03055253e-02  -1.18564389e-02   8.94036981e-03
  -1.63836376e-02  -3.70708972e-03   1.74380645e-02  -4.81620490e-02
  -9.81159686e-02   2.32621564e-02   1.54864104e-02  -9.98363616e-03
  -7.27387593e-02  -8.14506445e-02   1.64380066e-02   1.06970839e-01
   5.89626318e-02   1.19747394e-02   1.46126448e-04  -3.38000349e-02
  -5.91431595e-03   8.71174857e-02   5.12270374e-02   9.05401394e-02
  -3.80086771e-02   4.18630328e-02   2.14450595e-02  -6.04436684e-02
   2.17921700e-02  -2.91448029e-02  -6.69275669e-02   4.57583587e-02
   3.63385798e-02   4.18174457e-02  -1.88287153e-02   4.55308793e-02
   2.02299469e-01  -1.98002701e-02   2.13499401e-01  -9.60864534e-03
  -3.95479225e-01   2.11302692e-03  -2.06853502e-02  -7.76082651e-02
  -5.46663003e-02  -2.42871264e-02   4.19460909e-03   2.34406939e-02
  -2.78314831e-02  -3.53981993e-02  -1.32350619e-01   6.39490883e-02
  -5.07564883e-02  -3.71203619e-03   1.23966824e-01   2.18668194e-01
   2.63262590e-02  -6.81420733e-03   4.91159596e-02  -3.99604013e-02
   1.41523952e-03  -3.03395605e-02  -1.41261000e-01   4.95993628e-02
   3.14872972e-02  -8.26648398e-02   1.97339068e-01  -1.62213231e-02
  -5.33632605e-02   1.00874538e-01  -5.19284215e-02  -2.72876148e-01
   2.11590461e-03   2.41002016e-02  -1.15580818e-01   1.38083506e-02
   3.71951759e-02  -3.38678811e-02  -6.33699867e-02  -8.81794155e-03
   7.91333667e-02  -3.14494184e-02   8.13060211e-02  -1.06180496e-01
  -5.87546745e-02   9.09851902e-02   1.97084798e-02   1.37455405e-02
   5.44321659e-02   8.17952550e-02   9.34201078e-03  -7.93107543e-02
  -3.64747446e-02   5.95478946e-02  -7.57313646e-02   5.14891243e-02
  -5.04675883e-02  -3.64396651e-02   1.79898705e-02   5.35987579e-02
   8.03641964e-06  -1.67084277e-02   8.12903647e-02   3.81067121e-02
  -7.03014300e-02  -4.07903766e-02   4.08289539e-02  -1.86894710e-04
   4.14636705e-02   9.02355730e-03   2.93230001e-02  -1.41521832e-02
  -8.41757808e-02   8.20009824e-03  -1.50474624e-02   2.92736251e-02
   1.83198520e-02  -6.19696525e-02  -3.46281637e-02   1.29954968e-01
  -9.82132289e-02  -9.02466447e-04   2.57724570e-01   1.85683442e-01
  -1.64717735e-01  -2.27232927e-01   1.79544951e-02   5.07695103e-03
  -1.45763865e-02  -1.86706140e-02  -2.76518017e-01  -9.02221912e-02
   6.96488944e-04  -3.08920596e-02   2.94543569e-02  -3.00606739e-02
  -2.42590577e-02   1.13826528e-01   3.38591290e-02   8.53715709e-02
   1.29596362e-01  -3.34225376e-02   8.71193600e-03   1.23168348e-01
   5.76830958e-02  -6.76965663e-02  -2.90624599e-02   5.00377101e-02
  -5.99285925e-03   1.14945447e-01  -1.23915452e-02   2.96112598e-02
  -9.04485629e-03   3.64495192e-02   5.81493046e-02  -3.39068002e-02
  -9.79392108e-03   6.31690283e-02  -1.62405976e-01  -1.00445524e-01
  -1.46793198e-01  -6.85420760e-02   9.69915941e-02  -5.47138294e-02
  -6.12642315e-02   1.21314004e-02  -5.73936464e-02  -1.24300804e-01
   1.31892099e-01  -8.45943665e-03  -1.35919489e-01   4.22554284e-03
   7.77334242e-02   8.99070123e-02   2.28150732e-01  -4.28838609e-02
  -5.33605375e-02  -3.49872686e-02  -4.97334269e-03   6.57450515e-03
   4.94614859e-03   1.20720537e-01  -8.53693806e-02  -7.66325527e-02
   3.56255722e-02  -6.06558661e-02  -1.00415569e-01  -2.01910153e-01
   6.81453090e-02  -2.74036164e-02  -6.19623050e-02   2.43307077e-02
   1.35844493e-02   1.24243552e-03  -3.64047153e-02  -4.74046571e-02
   6.37665576e-02   8.06025943e-02  -3.93028555e-02  -3.73607693e-02
  -2.46143643e-02   9.77275634e-03   6.89297802e-03   1.97384688e-01
   3.49241495e-02   1.33408214e-02   2.24474274e-02  -3.70169820e-02
   2.63980893e-02   8.50530486e-02   4.69949517e-02  -9.61560426e-02
  -4.33580114e-02  -7.04484634e-02   4.83486824e-02   3.59482003e-02
   4.51669822e-02   1.39147631e-02  -7.92977024e-02  -2.03491554e-02
   5.40537144e-02   2.31478284e-02  -4.09941245e-02  -2.25650746e-02
   1.01003628e-02   4.52248316e-02  -2.83751005e-02  -8.06948725e-02
  -6.74051931e-02   1.08054514e-02  -2.98361374e-02  -2.64578803e-02
   4.25481371e-03  -3.74644398e-02   3.93021081e-03  -1.92072431e-02
   1.50026206e-02  -6.73433216e-02   4.93921803e-02  -2.27594821e-02
  -4.70761762e-02   2.67623748e-02   1.10225785e-01  -4.55524376e-02
  -6.35409503e-02   3.98173693e-03   4.74367164e-02   3.64564679e-02
   2.91080154e-02   3.71734973e-02   3.07531012e-02   6.33715636e-02
   1.89741734e-01   9.51959749e-03   1.96761030e-02  -3.79668606e-03
   1.36911305e-02  -3.12727393e-02   2.98392191e-02  -8.44853879e-02
  -7.85923635e-02   4.30741669e-02   9.19890410e-03  -9.97117557e-02
  -3.89747416e-02  -1.09304024e-01  -2.28827984e-01  -1.69941056e-03
   1.78906924e-02  -5.16956176e-02  -1.70665969e-02   4.55480482e-02
  -5.49194432e-02  -2.70402550e-02   1.56964481e-01   3.60490981e-02
  -1.10375580e-01   5.82991482e-02   3.83305771e-02   7.96519600e-03
  -3.09680878e-02  -1.08388482e-03  -2.54221628e-02   2.93300529e-02
   3.01988851e-02  -3.36009463e-02   3.61131591e-03   1.66668737e-02
  -8.97894230e-02  -1.36042580e-01  -5.68334503e-03  -1.45850657e-01
   1.60664056e-01  -8.19846963e-02  -1.22341046e-02   1.23444072e-01
   2.33669032e-02   5.34939985e-02  -3.30277070e-02   6.12205010e-03
   8.91409451e-02   5.43969449e-02   1.41488028e-02   1.20439375e-01
  -7.51108689e-02   6.91379371e-03  -5.47476149e-02  -2.20033567e-02
   2.30447076e-02   5.84733247e-02  -9.67317913e-03  -5.11944770e-02
  -1.31111656e-02   1.10970589e-01   1.82600177e-02  -6.04067015e-02
   5.97668624e-02   3.29919419e-02  -1.17161869e-02  -2.27180920e-02
   3.00220970e-02   9.02503918e-02  -3.03508264e-02  -9.81587149e-02]
xk = 
[  9.43693786e-03   2.78726452e-01   8.69507224e-01   7.51704182e-01
   2.58208217e+00   7.48889816e-01   3.45267685e+00   2.41997639e-01
   4.27328574e+00   7.91114601e-01   5.12762003e+00   1.33468347e+00
   5.98511047e+00   1.83467608e+00   2.69292268e-03   1.25147144e+00
   8.54445477e-01   1.74312403e+00   1.71870747e+00   1.24397781e+00
   2.55958345e+00   1.75483632e+00   3.41824536e+00   1.26656816e+00
   4.26068881e+00   1.79254173e+00   5.11247120e+00   2.31610616e+00
  -1.26160934e-02   2.23372635e+00   8.33569718e-01   2.73556195e+00
   1.69845512e+00   2.24439152e+00   2.54023636e+00   2.75450806e+00
   3.40090746e+00   2.27028154e+00   4.24729541e+00   2.78802303e+00
   5.96775998e+00   2.82507012e+00  -3.35768331e-02   3.22177920e+00
   1.67699104e+00   3.24068271e+00   2.52083046e+00   3.75001968e+00
   3.38448269e+00   3.26678676e+00   4.23086434e+00   3.78046971e+00
   5.09701560e+00   3.30378752e+00   5.95023817e+00   3.81617906e+00
  -5.86688610e-02   4.21187103e+00   8.10547652e-01   3.72776874e+00
   1.65489035e+00   4.23464338e+00   2.50065275e+00   4.74310659e+00
   3.36624505e+00   4.26080999e+00   5.07949634e+00   4.29419426e+00
   5.93223833e+00   4.80792966e+00  -8.47048062e-02   5.20191847e+00
   7.86467654e-01   4.71967713e+00   1.63352403e+00   5.22672759e+00
   2.48134803e+00   5.73680407e+00   3.34698994e+00   5.25316717e+00
   4.21285022e+00   4.77202894e+00   5.06108329e+00   5.28561959e+00
  -1.07552066e-01   6.19567147e+00   7.64569872e-01   5.71245193e+00
   1.61577485e+00   6.22478566e+00   3.32962629e+00   6.25260667e+00
   4.19348746e+00   5.76476433e+00   5.03884180e+00   6.28231465e+00
   5.91216999e+00   5.80240547e+00  -8.55248039e-01   7.43035007e-01
  -1.72205560e+00   2.51230469e-01  -2.60524629e+00   6.78680905e-01
  -2.70493355e+00  -6.14983951e-01  -3.72352305e+00  -6.27314867e-01
  -4.73197944e+00  -6.83768445e-01  -5.32419501e+00   1.10864298e-01
  -8.61981267e-01   1.72639078e+00  -1.71507329e+00   1.21831919e+00
  -2.56785462e+00   1.67412088e+00  -3.40432030e+00   2.15496074e+00
  -4.31129654e+00   2.18074266e-01  -4.94191000e+00   9.99647405e-01
  -5.86235388e+00   1.33795795e+00  -8.78081000e-01   2.71315399e+00
  -1.72288066e+00   2.20118050e+00  -2.57948513e+00   2.67276304e+00
  -3.45571075e+00   3.12927070e+00  -4.28618400e+00   2.57326116e+00
  -4.17405943e+00   1.57621978e+00  -5.09265657e+00   1.99151225e+00
  -9.01996915e-01   3.70188480e+00  -1.74355234e+00   3.18973863e+00
  -2.61654775e+00   3.65532613e+00  -3.49530742e+00   4.10980571e+00
  -4.33551705e+00   3.56407889e+00  -5.16981206e+00   3.00588775e+00
  -6.04720948e+00   3.47494366e+00  -9.30672862e-01   4.68984734e+00
  -1.77454194e+00   4.17561931e+00  -2.65183577e+00   4.63861668e+00
  -3.53078346e+00   5.09544842e+00  -4.37244821e+00   4.55551016e+00
  -5.21005205e+00   4.01195372e+00  -6.09002283e+00   4.47169109e+00
  -9.59465375e-01   5.67772684e+00  -1.80688741e+00   5.16193678e+00
  -2.68722544e+00   5.62462606e+00  -3.56882617e+00   6.08571673e+00
  -4.40906678e+00   5.54561021e+00  -5.24790859e+00   5.00659668e+00
  -7.00913980e+00   5.91712690e+00  -9.89061651e-01   6.66960860e+00
  -1.84015501e+00   6.15096774e+00  -2.72362640e+00   6.61744184e+00
  -4.45409942e+00   6.54062547e+00  -5.28805972e+00   5.99990943e+00
  -6.12683809e+00   5.46188676e+00  -6.16802891e+00   6.45912383e+00
  -8.60790247e-01  -2.41767215e-01  -1.71858142e+00  -7.08064195e-01
  -2.21509248e+00  -1.52694747e+00  -3.20134113e+00  -1.49485806e+00
  -4.18908750e+00  -1.51869999e+00  -5.17545747e+00  -1.56590755e+00
  -5.74773008e+00  -7.74074764e-01  -1.50123509e-01  -1.61555444e+00
  -1.16324116e+00  -1.51276131e+00  -1.70812666e+00  -2.36811765e+00
  -2.70454116e+00  -2.37539687e+00  -3.68628240e+00  -2.37672039e+00
  -4.67052317e+00  -2.40385584e+00  -5.66984230e+00  -2.41898296e+00
  -2.56114769e-01  -3.24256001e+00  -7.22416034e-01  -2.39537739e+00
  -2.20803733e+00  -3.23491972e+00  -3.18915450e+00  -3.24246656e+00
  -4.17114367e+00  -3.25410876e+00  -5.16001821e+00  -3.26926145e+00
  -6.15670503e+00  -3.28576568e+00  -7.24651599e-01  -4.09283879e+00
  -1.23176786e+00  -3.23788019e+00  -1.70411166e+00  -4.10036995e+00
  -2.68536753e+00  -4.10386233e+00  -3.66904598e+00  -4.11150177e+00
  -5.64624770e+00  -4.13436979e+00  -6.13779266e+00  -4.99765763e+00
  -1.88285169e-01  -4.91502179e+00  -1.18577071e+00  -4.95632966e+00
  -2.17300834e+00  -4.96515096e+00  -3.16157192e+00  -4.96957011e+00
  -4.14975114e+00  -4.97688823e+00  -4.65534506e+00  -4.12157089e+00
  -5.13888821e+00  -4.98536796e+00   3.53663294e-01  -5.73258137e+00
  -6.47323877e-01  -5.78634235e+00  -1.65293938e+00  -5.82535448e+00
  -2.64940282e+00  -5.82739115e+00  -3.64318869e+00  -5.83268979e+00
  -4.63396098e+00  -5.84037342e+00  -5.62477991e+00  -5.84745361e+00
   9.04410527e-01  -6.55596207e+00  -9.90523162e-02  -6.61642633e+00
  -1.10439242e+00  -6.66254404e+00  -3.13485496e+00  -6.69143572e+00
  -4.13012976e+00  -6.69836931e+00  -5.12435794e+00  -6.70738270e+00
  -6.12323577e+00  -6.70459955e+00   5.42178679e-04  -6.79046351e-01
   8.74639310e-01  -2.40089188e-01   1.72954144e+00   2.40901321e-01
   2.58969719e+00  -2.45535007e-01   4.33877720e+00  -2.46622256e-01
   5.13884796e+00   3.65227080e-01   6.00214782e+00   8.40751014e-01
   8.05246781e-01  -1.23470857e+00   1.72071309e+00  -7.82096969e-01
   2.62587933e+00  -1.21940564e+00   3.63665978e+00  -1.09358268e+00
   4.64394941e+00  -1.19620382e+00   5.36886995e+00  -5.59371219e-01
   5.88262568e+00  -1.38346502e+00   3.10361434e-01  -2.46728983e+00
   1.21112554e+00  -2.11875084e+00   2.17257688e+00  -2.10247989e+00
   3.14720508e+00  -2.04793343e+00   4.11516226e+00  -2.00507504e+00
   5.15454326e+00  -2.05587918e+00   6.86556443e+00  -1.61685962e+00
   2.69295595e-01  -4.04326882e+00   1.66766979e+00  -3.00384212e+00
   2.65794374e+00  -2.95775517e+00   3.62541930e+00  -2.90939894e+00
   4.57167452e+00  -2.85734536e+00   6.17479385e+00  -2.31322139e+00
   7.12620408e+00  -2.60006224e+00   8.08517140e-01  -4.84455263e+00
   1.24227179e+00  -3.91763487e+00   2.22879700e+00  -3.84838711e+00
   3.22694667e+00  -3.80195404e+00   4.24628715e+00  -3.77686324e+00
   5.50023512e+00  -2.99229602e+00   6.41017528e+00  -3.28897219e+00
   1.34524587e+00  -5.65929716e+00   1.78728163e+00  -4.74746616e+00
   2.77614542e+00  -4.68107884e+00   3.77583270e+00  -4.63481624e+00
   4.82459240e+00  -4.63576120e+00   5.58887594e+00  -3.95325721e+00
   6.56802505e+00  -4.25233963e+00   1.90362836e+00  -6.47887151e+00
   2.32478015e+00  -5.57446581e+00   3.30261644e+00  -5.51922824e+00
   4.27898526e+00  -5.47528130e+00   5.22883918e+00  -5.66676313e+00
   5.81836605e+00  -4.89702320e+00   7.34221092e+00  -3.59461090e+00]
fk = 
-563.664831006
 
