[ 1.  1.  2.  1.  3.  1.  1.  2.  2.  2.  3.  2.  1.  3.  2.  3.  3.  3.
 -1.  1. -2.  1. -3.  1. -1.  2. -2.  2. -3.  2. -1.  3. -2.  3. -3.  3.
 -1. -1. -2. -1. -3. -1. -1. -2. -2. -2. -3. -2. -1. -3. -2. -3. -3. -3.
  1. -1.  2. -1.  3. -1.  1. -2.  2. -2.  3. -2.  1. -3.  2. -3.  3. -3.]
Line search error in SR1 at iteration:  4

Iterations:  4
Function Evaluations:  21
Gradient Evaluations:  21
gk = 
[ 4.52056507  4.52056507 -2.19271046 -2.78895602 -0.92575832  9.61945287
 -2.78895602 -2.19271046  1.34592423  1.34592423  3.0798901  -2.646367
  9.61945287 -0.92575832 -2.646367    3.0798901  -6.74680025 -6.74680025
 -4.52056507  4.52056507  2.19271046 -2.78895602  0.92575832  9.61945287
  2.78895602 -2.19271046 -1.34592423  1.34592423 -3.0798901  -2.646367
 -9.61945287 -0.92575832  2.646367    3.0798901   6.74680025 -6.74680025
 -4.52056507 -4.52056507  2.19271046  2.78895602  0.92575832 -9.61945287
  2.78895602  2.19271046 -1.34592423 -1.34592423 -3.0798901   2.646367
 -9.61945287  0.92575832  2.646367   -3.0798901   6.74680025  6.74680025
  4.52056507 -4.52056507 -2.19271046  2.78895602 -0.92575832 -9.61945287
 -2.78895602  2.19271046  1.34592423 -1.34592423  3.0798901   2.646367
  9.61945287  0.92575832 -2.646367   -3.0798901  -6.74680025  6.74680025]
xk = 
[0.64211097,0.64211097,1.58564299,0.48684633,2.53857244,0.6810106
,0.48684633,1.58564299,1.52001322,1.52001322,2.53246771,1.61600804
,0.6810106,,2.53857244,1.61600804,2.53246771,2.56034756,2.56034756
,-0.64211097,0.64211097,-1.58564299,0.48684633,-2.53857244,0.6810106
,-0.48684633,1.58564299,-1.52001322,1.52001322,-2.53246771,1.61600804
,-0.6810106,,2.53857244,-1.61600804,2.53246771,-2.56034756,2.56034756
,-0.64211097,-0.64211097,-1.58564299,-0.48684633,-2.53857244,-0.6810106
,-0.48684633,-1.58564299,-1.52001322,-1.52001322,-2.53246771,-1.61600804
,-0.6810106,-2.53857244,-1.61600804,-2.53246771,-2.56034756,-2.56034756
,0.64211097,-0.64211097,1.58564299,-0.48684633,2.53857244,-0.6810106
,0.48684633,-1.58564299,1.52001322,-1.52001322,2.53246771,-1.61600804
,0.6810106,-2.53857244,1.61600804,-2.53246771,2.56034756,-2.56034756]
fk = 
-64.6972717294
 
Line search error in BFGS at iteration:  127

Iterations:  127
Function Evaluations:  181
Gradient Evaluations:  181
gk = 
[ -6.53106715e-08   5.71510740e-07   5.35981605e-07  -1.04675622e-06
   7.72843896e-07   9.60756981e-07   2.17000986e-06  -1.27513634e-06
  -1.11763606e-06   2.47177954e-07   4.09837751e-07  -1.63352682e-06
  -1.43693502e-06   1.57861755e-07  -9.32201997e-07   3.64954511e-07
   6.33708364e-07   3.24808664e-07   4.57517687e-08  -5.53963037e-07
   1.15117518e-07   1.17332233e-06  -3.28094631e-07   9.19928544e-07
   5.50260457e-07  -3.15782042e-07  -1.99439745e-06  -1.08035083e-07
   1.40415398e-06  -3.96451345e-09  -7.01329439e-07   1.71264276e-06
   1.38325173e-06  -1.25981056e-07  -3.54912001e-07  -6.10556816e-07
   2.74342578e-06  -1.17701299e-07  -7.32318355e-07  -9.95982223e-07
  -3.89932395e-08  -4.61591102e-07   1.37183307e-06  -1.48711459e-07
  -5.72621375e-07   5.78258342e-09  -3.06437590e-08   2.32622573e-07
  -4.16834863e-07  -5.65777955e-07  -7.22701084e-07   6.21654196e-07
   9.33224006e-07  -2.58544899e-07  -1.64513926e-06   4.48262061e-08
  -2.71991877e-08   1.64832940e-06  -1.53997416e-06   6.04166069e-08
  -1.90779729e-06   9.23159326e-07   2.21669558e-06  -3.69451987e-07
   3.26026292e-07   8.81236939e-08   1.54376437e-07  -1.42863708e-06
  -1.19956894e-06  -1.72527807e-07  -1.88931301e-09   1.34748909e-07]
xk = 
[,0.43110121,0.41023442,1.42025089,0.36512503,2.41593645,0.32376123
,-0.02519736,1.29031213,0.964299,1.24582299,1.95391064,1.19899645
,0.50948155,2.12929116,1.50180349,2.08465235,2.49899027,2.0277744
,-0.55790564,0.45477091,-1.54741212,0.49914321,-2.54251517,0.53839889
,-1.0151026,1.3343648,-2.00617238,1.37662513,-3.00175137,1.42000049
,-0.48199771,2.17350609,-1.47374512,2.21657459,-2.46708858,2.26003123
,-0.10155913,-0.4251466,-1.09025688,-0.3804779,-2.08005396,-0.33594249
,-0.63509822,-1.26072838,-1.62488369,-1.21559609,-2.6216587,-1.16557001
,-0.17923867,-2.14412392,-1.17100852,-2.09937422,-2.16516691,-2.05144895
,0.88738453,-0.46961536,1.87755188,-0.51189968,2.87425056,-0.5591829
,0.3545617,-1.30515469,1.34436292,-1.34883206,2.33432388,-1.39050454
,0.81231683,-2.1882724,1.80460422,-2.23229521,2.80268268,-2.26522009]
fk = 
-92.9648861995
 
Reached max number of iterations
Iterations:  1000
Function Evaluations:  1046
Gradient Evaluations:  1046
gk = 
[ 0.23475529  0.55327854 -0.70248181  0.29201669 -0.4375928  -0.31133428
  0.44995412  0.06882476 -0.2212729  -0.3468817   0.01199189  0.06188539
 -0.31221558 -0.02498085 -0.25790429 -0.24149238  0.58532111  0.37777118
  0.36420292  0.72735779  0.23427558  0.40429776  0.12868855  0.60510894
  0.05224892  0.60254209  0.09755995  0.08049966  0.00492257 -0.64712555
  0.39606339 -0.24977809  0.71754717 -0.06786628 -0.97476096  0.67848441
 -0.21250982 -0.4068803   0.82417847 -1.80694189 -2.0529611  -1.10025039
  0.1340185  -0.18427623  0.042214    0.11041525 -1.24631474  1.07522102
  0.36255534  0.20804838  0.34972029 -0.89829465  0.72670987  0.647653
 -0.05982968 -1.08944605 -1.21552925 -0.50738168  1.62302475  1.99939457
  0.52130197  0.84677683 -0.49878405  0.00819183  0.27677059 -0.33569147
 -0.10705826  0.10913786 -0.03641551  0.20487373  0.19760552 -1.44315787]
xk = 
[,0.62786339,-0.15986909,1.34451313,0.52599862,2.0564814,1.21679853
,0.3947331,0.8032828,1.10564923,1.49000843,1.82420946,2.17970973
,0.15768492,1.76767631,0.86821876,2.45976489,1.6023396,3.14931062
,-0.32256133,0.11923285,-1.27307069,0.39494998,-2.22535207,0.6802616
,-0.55693182,1.08394933,-1.50540072,1.36372376,-2.46228127,1.6414271
,-0.78661995,2.05156887,-1.74101968,2.33150767,-2.71101337,2.61263073
,-0.0894092,-0.84842701,-1.04139822,-0.57665975,-2.00367222,-0.28733899
,0.14786377,-1.80991501,-0.80921194,-1.53381888,-1.77212047,-1.25201227
,-0.56810811,-2.49641991,-1.52523603,-2.22620154,-2.72242211,-0.95831091
,0.86342314,-1.12837816,1.57716315,-0.43729815,2.31617488,0.2647467
,1.10428379,-2.08651827,1.8178786,-1.40587805,2.53395354,-0.71455676
,0.38246095,-2.77313975,1.33144594,-3.05775399,2.05948846,-2.38405204]
fk = 
-91.7422138857
 
