[ 1.  1.  2.  1.  3.  1.  4.  1.  5.  1.  6.  1.  7.  1.  1.  2.  2.  2.
  3.  2.  4.  2.  5.  2.  6.  2.  7.  2.  1.  3.  2.  3.  3.  3.  4.  3.
  5.  3.  6.  3.  7.  3.  1.  4.  2.  4.  3.  4.  4.  4.  5.  4.  6.  4.
  7.  4.  1.  5.  2.  5.  3.  5.  4.  5.  5.  5.  6.  5.  7.  5.  1.  6.
  2.  6.  3.  6.  4.  6.  5.  6.  6.  6.  7.  6.  1.  7.  2.  7.  3.  7.
  4.  7.  5.  7.  6.  7.  7.  7. -1.  1. -2.  1. -3.  1. -4.  1. -5.  1.
 -6.  1. -7.  1. -1.  2. -2.  2. -3.  2. -4.  2. -5.  2. -6.  2. -7.  2.
 -1.  3. -2.  3. -3.  3. -4.  3. -5.  3. -6.  3. -7.  3. -1.  4. -2.  4.
 -3.  4. -4.  4. -5.  4. -6.  4. -7.  4. -1.  5. -2.  5. -3.  5. -4.  5.
 -5.  5. -6.  5. -7.  5. -1.  6. -2.  6. -3.  6. -4.  6. -5.  6. -6.  6.
 -7.  6. -1.  7. -2.  7. -3.  7. -4.  7. -5.  7. -6.  7. -7.  7. -1. -1.
 -2. -1. -3. -1. -4. -1. -5. -1. -6. -1. -7. -1. -1. -2. -2. -2. -3. -2.
 -4. -2. -5. -2. -6. -2. -7. -2. -1. -3. -2. -3. -3. -3. -4. -3. -5. -3.
 -6. -3. -7. -3. -1. -4. -2. -4. -3. -4. -4. -4. -5. -4. -6. -4. -7. -4.
 -1. -5. -2. -5. -3. -5. -4. -5. -5. -5. -6. -5. -7. -5. -1. -6. -2. -6.
 -3. -6. -4. -6. -5. -6. -6. -6. -7. -6. -1. -7. -2. -7. -3. -7. -4. -7.
 -5. -7. -6. -7. -7. -7.  1. -1.  2. -1.  3. -1.  4. -1.  5. -1.  6. -1.
  7. -1.  1. -2.  2. -2.  3. -2.  4. -2.  5. -2.  6. -2.  7. -2.  1. -3.
  2. -3.  3. -3.  4. -3.  5. -3.  6. -3.  7. -3.  1. -4.  2. -4.  3. -4.
  4. -4.  5. -4.  6. -4.  7. -4.  1. -5.  2. -5.  3. -5.  4. -5.  5. -5.
  6. -5.  7. -5.  1. -6.  2. -6.  3. -6.  4. -6.  5. -6.  6. -6.  7. -6.
  1. -7.  2. -7.  3. -7.  4. -7.  5. -7.  6. -7.  7. -7.]
Line search error in SR1 at iteration:  24

Iterations:  24
Function Evaluations:  39
Gradient Evaluations:  39
gk = 
[-0.1643051  -0.1643051   0.24701852 -0.02523614  0.48764213 -0.26059708
  0.18827672  0.12340219 -0.74654778 -0.3251297   0.05479221  0.26778546
  0.31207312  0.57391293 -0.02523614  0.24701852 -0.03633625 -0.03633625
  0.17838145 -0.16826769 -0.01326092  0.29960385 -0.20388706  0.01267708
 -0.00973062 -0.23442209 -0.08100134  0.00661738 -0.26059708  0.48764213
 -0.16826769  0.17838145 -0.06435628 -0.06435628  0.08990051  0.19946976
  0.21565426 -0.07376886 -0.10000942 -0.10077304  0.07994046 -0.38404003
  0.12340219  0.18827672  0.29960385 -0.01326092  0.19946976  0.08990051
 -0.05016216 -0.05016216  0.18926397  0.0085577   0.38542345 -0.10230186
  0.19012645 -0.37478126 -0.3251297  -0.74654778  0.01267708 -0.20388707
 -0.07376886  0.21565426  0.0085577   0.18926397 -0.02219315 -0.02219315
 -0.01760449 -0.00930557  0.2549657   0.57313993  0.26778546  0.05479221
 -0.23442209 -0.00973062 -0.10077304 -0.10000942 -0.10230186  0.38542345
 -0.00930557 -0.01760449 -0.12712296 -0.12712296 -0.16573136  0.14945985
  0.57391293  0.31207312  0.00661738 -0.08100134 -0.38404003  0.07994046
 -0.37478126  0.19012645  0.57313993  0.2549657   0.14945985 -0.16573136
  0.05400916  0.05400916  0.1643051  -0.1643051  -0.24701852 -0.02523614
 -0.48764213 -0.26059708 -0.18827672  0.12340219  0.74654778 -0.3251297
 -0.05479221  0.26778546 -0.31207312  0.57391293  0.02523614  0.24701852
  0.03633625 -0.03633625 -0.17838145 -0.16826769  0.01326092  0.29960385
  0.20388706  0.01267708  0.00973062 -0.23442209  0.08100134  0.00661738
  0.26059708  0.48764213  0.16826769  0.17838145  0.06435628 -0.06435628
 -0.08990051  0.19946976 -0.21565426 -0.07376886  0.10000942 -0.10077304
 -0.07994046 -0.38404003 -0.12340219  0.18827672 -0.29960385 -0.01326092
 -0.19946976  0.08990051  0.05016216 -0.05016216 -0.18926397  0.0085577
 -0.38542345 -0.10230186 -0.19012645 -0.37478126  0.3251297  -0.74654778
 -0.01267708 -0.20388706  0.07376886  0.21565426 -0.0085577   0.18926397
  0.02219315 -0.02219315  0.01760449 -0.00930557 -0.2549657   0.57313993
 -0.26778546  0.05479221  0.23442209 -0.00973062  0.10077304 -0.10000942
  0.10230186  0.38542345  0.00930556 -0.01760449  0.12712296 -0.12712296
  0.16573136  0.14945985 -0.57391293  0.31207312 -0.00661738 -0.08100134
  0.38404003  0.07994046  0.37478126  0.19012645 -0.57313993  0.2549657
 -0.14945985 -0.16573136 -0.05400916  0.05400916  0.1643051   0.1643051
 -0.24701852  0.02523614 -0.48764213  0.26059708 -0.18827672 -0.12340219
  0.74654778  0.3251297  -0.05479221 -0.26778546 -0.31207312 -0.57391293
  0.02523614 -0.24701852  0.03633625  0.03633625 -0.17838145  0.16826769
  0.01326092 -0.29960385  0.20388706 -0.01267708  0.00973062  0.23442209
  0.08100134 -0.00661738  0.26059708 -0.48764213  0.16826769 -0.17838145
  0.06435628  0.06435628 -0.08990051 -0.19946976 -0.21565426  0.07376886
  0.10000942  0.10077304 -0.07994046  0.38404003 -0.12340219 -0.18827672
 -0.29960385  0.01326092 -0.19946976 -0.08990051  0.05016216  0.05016216
 -0.18926397 -0.0085577  -0.38542345  0.10230186 -0.19012645  0.37478126
  0.3251297   0.74654778 -0.01267708  0.20388706  0.07376886 -0.21565426
 -0.0085577  -0.18926397  0.02219315  0.02219315  0.01760449  0.00930556
 -0.2549657  -0.57313993 -0.26778546 -0.05479221  0.23442209  0.00973062
  0.10077304  0.10000942  0.10230186 -0.38542345  0.00930557  0.01760449
  0.12712296  0.12712296  0.16573136 -0.14945985 -0.57391293 -0.31207312
 -0.00661738  0.08100134  0.38404003 -0.07994046  0.37478126 -0.19012645
 -0.57313993 -0.2549657  -0.14945985  0.16573136 -0.05400916 -0.05400916
 -0.1643051   0.1643051   0.24701852  0.02523614  0.48764213  0.26059708
  0.18827672 -0.12340219 -0.74654778  0.3251297   0.05479221 -0.26778546
  0.31207312 -0.57391293 -0.02523614 -0.24701852 -0.03633625  0.03633625
  0.17838145  0.16826769 -0.01326092 -0.29960385 -0.20388706 -0.01267708
 -0.00973062  0.23442209 -0.08100134 -0.00661738 -0.26059708 -0.48764213
 -0.16826769 -0.17838145 -0.06435628  0.06435628  0.08990051 -0.19946976
  0.21565426  0.07376886 -0.10000942  0.10077304  0.07994046  0.38404003
  0.12340219 -0.18827672  0.29960385  0.01326092  0.19946976 -0.08990051
 -0.05016216  0.05016216  0.18926397 -0.0085577   0.38542345  0.10230186
  0.19012645  0.37478126 -0.3251297   0.74654778  0.01267708  0.20388706
 -0.07376886 -0.21565426  0.0085577  -0.18926397 -0.02219315  0.02219315
 -0.01760449  0.00930556  0.2549657  -0.57313993  0.26778546 -0.05479221
 -0.23442209  0.00973062 -0.10077303  0.10000942 -0.10230186 -0.38542345
 -0.00930556  0.01760449 -0.12712296  0.12712296 -0.16573136 -0.14945985
  0.57391293 -0.31207312  0.00661738  0.08100134 -0.38404003 -0.07994046
 -0.37478126 -0.19012645  0.57313993 -0.2549657   0.14945985  0.16573136
  0.05400916 -0.05400916]
xk = 
[ 0.9938306   0.9938306   1.98690069  1.06122129  2.98081812  1.01504499
  3.9705652   1.03572566  4.95911184  1.01772236  5.95618385  1.07072799
  6.94863283  0.99169205  1.06122129  1.98690069  2.03913906  2.03913906
  3.01147952  2.00023335  3.98082808  2.01484816  4.94973811  2.00385276
  5.92039604  2.04623818  6.89462057  1.97701479  1.01504499  2.98081812
  2.00023335  3.01147952  2.98851183  2.98851183  3.9789741   2.98813225
  4.96704461  2.99058641  5.94982358  3.01618229  6.93039791  2.96667925
  1.03572566  3.9705652   2.01484816  3.98082808  2.98813225  3.9789741
  3.95979263  3.95979263  4.93378152  3.9792098   5.9090341   3.9833732
  6.88847614  3.96427899  1.01772236  4.95911184  2.00385276  4.94973811
  2.99058641  4.96704461  3.9792098   4.93378152  4.96662716  4.96662716
  5.95198546  4.95044392  6.93535572  4.96895464  1.07072799  5.95618385
  2.04623818  5.92039604  3.01618229  5.94982358  3.9833732   5.9090341
  4.95044392  5.95198546  5.91919981  5.91919981  6.89443248  5.96427156
  0.99169205  6.94863283  1.97701479  6.89462057  2.96667925  6.93039791
  3.96427899  6.88847614  4.96895464  6.93535572  5.96427156  6.89443248
  6.95458748  6.95458748 -0.9938306   0.9938306  -1.98690069  1.06122129
 -2.98081812  1.01504499 -3.9705652   1.03572566 -4.95911184  1.01772236
 -5.95618385  1.07072799 -6.94863283  0.99169205 -1.06122129  1.98690069
 -2.03913906  2.03913906 -3.01147952  2.00023335 -3.98082808  2.01484816
 -4.94973811  2.00385276 -5.92039604  2.04623818 -6.89462057  1.97701479
 -1.01504499  2.98081812 -2.00023335  3.01147952 -2.98851183  2.98851183
 -3.9789741   2.98813225 -4.96704461  2.99058641 -5.94982358  3.01618229
 -6.93039791  2.96667925 -1.03572566  3.9705652  -2.01484816  3.98082808
 -2.98813225  3.9789741  -3.95979263  3.95979263 -4.93378152  3.9792098
 -5.9090341   3.9833732  -6.88847614  3.96427899 -1.01772236  4.95911184
 -2.00385276  4.94973811 -2.99058641  4.96704461 -3.9792098   4.93378152
 -4.96662716  4.96662716 -5.95198546  4.95044392 -6.93535572  4.96895464
 -1.07072799  5.95618385 -2.04623818  5.92039604 -3.01618229  5.94982358
 -3.9833732   5.9090341  -4.95044392  5.95198546 -5.91919981  5.91919981
 -6.89443248  5.96427156 -0.99169205  6.94863283 -1.97701479  6.89462057
 -2.96667925  6.93039791 -3.96427899  6.88847614 -4.96895464  6.93535572
 -5.96427156  6.89443248 -6.95458748  6.95458748 -0.9938306  -0.9938306
 -1.98690069 -1.06122129 -2.98081812 -1.01504499 -3.9705652  -1.03572566
 -4.95911184 -1.01772236 -5.95618385 -1.07072799 -6.94863283 -0.99169205
 -1.06122129 -1.98690069 -2.03913906 -2.03913906 -3.01147952 -2.00023335
 -3.98082808 -2.01484816 -4.94973811 -2.00385276 -5.92039604 -2.04623818
 -6.89462057 -1.97701479 -1.01504499 -2.98081812 -2.00023335 -3.01147952
 -2.98851183 -2.98851183 -3.9789741  -2.98813225 -4.96704461 -2.99058641
 -5.94982358 -3.01618229 -6.93039791 -2.96667925 -1.03572566 -3.9705652
 -2.01484816 -3.98082808 -2.98813225 -3.9789741  -3.95979263 -3.95979263
 -4.93378152 -3.9792098  -5.9090341  -3.9833732  -6.88847614 -3.96427899
 -1.01772236 -4.95911184 -2.00385276 -4.94973811 -2.99058641 -4.96704461
 -3.9792098  -4.93378152 -4.96662716 -4.96662716 -5.95198546 -4.95044392
 -6.93535572 -4.96895464 -1.07072799 -5.95618385 -2.04623818 -5.92039604
 -3.01618229 -5.94982358 -3.9833732  -5.9090341  -4.95044392 -5.95198546
 -5.91919981 -5.91919981 -6.89443248 -5.96427156 -0.99169205 -6.94863283
 -1.97701479 -6.89462057 -2.96667925 -6.93039791 -3.96427899 -6.88847614
 -4.96895464 -6.93535572 -5.96427156 -6.89443248 -6.95458748 -6.95458748
  0.9938306  -0.9938306   1.98690069 -1.06122129  2.98081812 -1.01504499
  3.9705652  -1.03572566  4.95911184 -1.01772236  5.95618385 -1.07072799
  6.94863283 -0.99169205  1.06122129 -1.98690069  2.03913906 -2.03913906
  3.01147952 -2.00023335  3.98082808 -2.01484816  4.94973811 -2.00385276
  5.92039604 -2.04623818  6.89462057 -1.97701479  1.01504499 -2.98081812
  2.00023335 -3.01147952  2.98851183 -2.98851183  3.9789741  -2.98813225
  4.96704461 -2.99058641  5.94982358 -3.01618229  6.93039791 -2.96667925
  1.03572566 -3.9705652   2.01484816 -3.98082808  2.98813225 -3.9789741
  3.95979263 -3.95979263  4.93378152 -3.9792098   5.9090341  -3.9833732
  6.88847614 -3.96427899  1.01772236 -4.95911184  2.00385276 -4.94973811
  2.99058641 -4.96704461  3.9792098  -4.93378152  4.96662716 -4.96662716
  5.95198546 -4.95044392  6.93535572 -4.96895464  1.07072799 -5.95618385
  2.04623818 -5.92039604  3.01618229 -5.94982358  3.9833732  -5.9090341
  4.95044392 -5.95198546  5.91919981 -5.91919981  6.89443248 -5.96427156
  0.99169205 -6.94863283  1.97701479 -6.89462057  2.96667925 -6.93039791
  3.96427899 -6.88847614  4.96895464 -6.93535572  5.96427156 -6.89443248
  6.95458748 -6.95458748]
fk = 
-430.331597547
 
Line search error in BFGS at iteration:  552

Iterations:  552
Function Evaluations:  609
Gradient Evaluations:  609
gk = 
[  5.10282714e-07   3.51089307e-07  -1.03296752e-07  -7.45427493e-08
   6.60661640e-08  -3.46327719e-06  -7.13290410e-07   1.02662412e-06
   9.64701773e-07  -2.06067580e-06   2.19184963e-07   6.18659976e-07
  -4.71124013e-08   6.92443457e-08  -6.30234649e-08  -1.74308399e-07
   9.18055495e-07  -7.83913339e-07  -1.64258883e-06   1.64072174e-06
   4.77038750e-07  -5.64154570e-07  -4.39290621e-07   4.40415856e-07
   1.17079213e-06   2.72079480e-07  -1.09646609e-06   4.30729711e-07
   4.40274560e-07   5.91500254e-07   2.87950308e-07  -5.20021282e-07
   2.62056995e-07   2.88758561e-07  -6.26451446e-07   1.09952173e-06
   1.91281298e-07  -7.54761190e-07   9.20593556e-08  -1.39279653e-07
   1.96797646e-07  -2.74369524e-07  -1.44691979e-08   2.06120565e-07
  -1.26598433e-07   1.05234872e-06  -6.55739198e-07   1.71437598e-07
  -5.10580059e-07  -1.17365557e-06   4.43226174e-07  -4.64043318e-07
   7.84002263e-07   6.39007981e-07  -1.17645019e-06   4.51959695e-07
   4.08089352e-07   1.82191776e-06   1.11070349e-06  -2.22202933e-06
   9.37274529e-07  -5.23394247e-07   2.21621617e-07  -4.44755789e-07
  -1.86479674e-06   1.67424755e-06   1.58832410e-06  -1.53678731e-06
  -1.66117399e-07   4.13411846e-07   1.13543179e-06  -1.05435224e-06
  -1.79819325e-06   2.44002120e-06   7.72106588e-07   3.64081089e-07
  -2.71753823e-07   1.32621865e-06  -1.70763888e-07  -6.28028791e-07
   3.95870925e-07  -2.15062171e-07   6.19906794e-08  -3.47773594e-08
   5.23654263e-08  -1.58696051e-07   1.63113241e-06  -6.80360330e-07
  -1.67275574e-06  -9.01738219e-07   2.14383782e-07  -4.46813722e-07
   6.36956106e-07   1.08986450e-07  -4.10743279e-08   1.62315609e-07
   8.64318448e-08  -5.68242955e-08  -1.02340101e-06   6.92202924e-07
  -1.01896847e-06  -7.77235297e-07   4.25658418e-07  -7.02500163e-07
  -7.23978866e-08   4.45397296e-07   2.41842329e-07  -2.99198408e-07
  -1.15891953e-06  -1.13380154e-08   7.05667339e-07  -4.33528481e-08
  -1.00789699e-06  -6.13291794e-07   1.75281277e-06   5.86399744e-07
  -1.05268200e-06  -3.23264178e-08   1.70066040e-06   2.62539496e-06
  -1.29681527e-06   1.38017095e-06  -1.03109039e-07   4.37387815e-07
   6.45748724e-07   1.13453337e-06  -3.52182901e-07  -9.73859096e-07
   8.58137954e-07  -1.43130345e-07  -4.52396734e-08   7.35816237e-07
   2.00858214e-07  -9.74599992e-09   7.97033006e-08  -3.30386292e-06
   2.58112097e-07  -1.38546536e-06  -4.23992419e-07  -6.10750828e-07
  -1.48679503e-06  -1.11220874e-06   1.73180236e-07  -1.10964441e-06
   9.13460984e-07   1.50065386e-06  -4.41815341e-07  -8.86078299e-08
   1.16382683e-06   8.90848619e-07  -1.59906503e-06  -1.66278594e-07
   2.00297812e-06   1.88761675e-06   7.76028562e-07   2.14236114e-07
  -5.60589751e-07  -1.34232327e-06  -1.64198586e-07  -1.14700729e-06
  -3.82030819e-07   1.61879675e-07  -4.94458754e-08  -2.11713820e-07
  -3.23495278e-07   8.03542475e-08   1.28920859e-07   1.83815367e-07
  -2.29768868e-07   1.70015814e-06  -1.10103825e-06   2.07370683e-06
   1.33102161e-06   2.12766212e-07  -1.60774355e-06  -5.93909161e-07
   7.00412896e-07   1.41511644e-07   8.45306709e-07  -1.38396294e-06
  -1.30712604e-06   1.01840618e-06  -1.78902625e-07  -5.86931893e-07
  -1.49393716e-07  -3.85189424e-07   6.15638358e-07   3.45371011e-07
  -1.44310163e-06  -6.32448780e-07  -6.78891796e-07  -6.98527224e-08
  -2.47027290e-06   1.81847851e-06   2.65333123e-06  -1.12399641e-06
   5.45182283e-07  -6.93142068e-07  -2.00310704e-07   3.09621954e-07
   3.35151030e-07  -5.62318998e-07   9.80039051e-07  -4.50416248e-07
  -1.10137599e-06  -4.12294396e-07  -2.91974414e-07  -4.52783538e-07
   5.31160978e-08  -4.57603632e-08  -3.31237062e-07  -3.59550390e-07
  -8.40527592e-08   3.37980842e-07  -3.23996559e-07  -3.78092652e-07
   9.18494243e-07  -2.80160469e-07  -7.16537448e-07  -4.00453131e-07
  -1.72861423e-07   1.71237464e-07   5.88919673e-07  -3.85059055e-07
  -1.45389521e-06   9.37108696e-07   9.74182760e-07  -6.51149383e-07
  -5.32740394e-07   3.03616634e-07   5.63412310e-07   2.29154649e-08
  -3.66495771e-08   5.12929072e-07  -2.24349687e-07   1.00906212e-08
   4.24844886e-07   2.78735763e-07  -2.59651807e-07   5.20642101e-07
   3.42725237e-07   1.13112699e-06   4.80104775e-08   5.09625265e-07
  -3.90883841e-07  -3.35865212e-07   1.37702990e-06  -1.81377536e-07
  -8.13120289e-07   8.52244450e-07   7.36963459e-07  -1.77719267e-07
   2.86814474e-07  -7.96092465e-07   2.24331718e-08  -7.41584682e-07
   6.22962621e-07   8.68670405e-08   5.67146534e-08   4.53195649e-07
  -4.03420009e-07  -1.95307940e-07  -9.65971991e-07  -4.58871821e-08
   4.48446733e-07  -1.40096114e-07   1.72253002e-07  -6.41696960e-07
  -1.62488925e-07   1.53213892e-07   2.90768380e-07  -5.09325921e-07
  -3.09355550e-07  -9.35599438e-07   1.32463968e-08  -6.29666943e-07
  -2.29853712e-07  -2.95531734e-07  -4.90705804e-07  -3.51020459e-07
   9.45801190e-08   5.27506633e-07  -2.50937682e-07   3.14460329e-07
   1.67725217e-07   6.56817569e-08  -1.82259283e-07   1.18122231e-06
  -5.06073590e-09   4.81999142e-07  -3.43794711e-07  -1.96043664e-07
   2.92873488e-07   1.95234372e-07   1.54350213e-07  -2.23730651e-07
  -7.69523911e-08  -6.73459359e-07   2.26866068e-07   2.77146333e-06
   1.69623289e-07  -1.11530685e-06  -1.04301866e-06   2.06115978e-06
   1.25301552e-06  -4.49363321e-07  -3.12444269e-07   1.13035668e-07
  -4.87359324e-07   1.46330535e-07   8.22772614e-07   1.95100425e-06
  -4.06005689e-07  -4.40534602e-07   1.39030368e-07   1.17558521e-07
  -8.47833397e-07   7.45715890e-08   1.16076522e-06  -4.98202070e-07
  -1.06177928e-06  -5.43058514e-07   1.06784728e-07  -1.66590323e-07
   1.18061118e-07  -2.22448050e-06   9.56874878e-08   5.94828451e-07
  -4.66249804e-07  -3.67266236e-07   4.75527833e-07   2.64171897e-07
   5.81812198e-07   4.40472046e-07  -1.09363130e-07   5.26951253e-07
   1.00971133e-06   2.27869737e-07  -2.10090702e-07   8.59448447e-07
   7.32891020e-08   5.14607414e-07  -3.55162002e-08  -3.93744502e-07
  -9.88329106e-08  -3.81422401e-07   8.46293348e-07   3.61969764e-07
  -1.04124991e-06  -6.20365175e-07  -3.77017147e-07  -2.90432921e-07
   1.22115871e-07   4.11038757e-07  -7.10398300e-08  -8.39665022e-08
   2.87616324e-07   7.33245555e-07   2.04272033e-07  -4.26607648e-08
  -1.65677353e-07   9.12926042e-08   2.44350157e-08  -2.57499450e-07
  -1.90532500e-07  -2.71767119e-07   2.92609167e-07  -1.21295461e-06
  -5.26891115e-07  -1.97233080e-07   2.85445202e-08  -7.35937013e-07
  -9.85987103e-07  -6.15554008e-07   2.98856474e-07   1.86671281e-08
   1.01304641e-07   5.95566298e-07  -1.95301207e-07   1.73529644e-07
   4.69488678e-07   6.90676931e-07  -1.74658410e-07   7.48488262e-08
   2.13002458e-07   9.75889498e-07   4.55955276e-07  -2.87061606e-08
  -1.06431489e-06  -2.15682887e-07   6.17251601e-07  -5.71310183e-07]
xk = 
[ 0.34551486  0.52632998  1.3280558   0.45457172  2.30829508  0.39547234
  3.291902    0.35691575  4.28322503  0.32139171  5.27833846  0.28448781
  6.27548536  0.25159418 -0.11490131  1.411031    0.87406686  1.35115125
  1.85737218  1.290274    2.83987671  1.23984662  3.82615504  1.19724507
  4.81627415  1.15794517  5.80887731  1.12190715  0.4159229   2.23711269
  1.40346255  2.18126394  2.38784086  2.12723531  3.37243018  2.07874315
  4.35874558  2.03434641  5.34844156  1.99609652  6.340483    1.96399901
  0.94742852  3.06651962  1.93480755  3.01390273  2.46842305  3.84701146
  2.92071833  2.9629009   3.90710012  2.9147365   4.89657297  2.86951784
  5.44266267  3.69664651  1.02552997  4.7796732   1.48045229  3.89783466
  2.01527651  4.72987465  3.45577658  3.79701484  3.99280335  4.62944014
  4.44410378  3.74775622  4.98330698  4.57661768  0.57040082  5.66066288
  1.56149658  5.61183941  2.55202129  5.56215524  3.00415426  4.6797355
  3.54217631  5.51191883  4.53255483  5.46032766  5.52699688  5.4029385
  0.11401138  6.54487207  1.1069525   6.49683747  2.09907765  6.44766926
  3.0907618   6.39775685  4.08247405  6.34684394  5.07468971  6.29297403
  6.06965159  6.23826438 -0.64703012  0.59007888 -1.6454399   0.64235255
 -2.64233741  0.68079392 -3.63091233  0.70444183 -4.61745242  0.72976674
 -5.60363056  0.75939042 -6.59503869  0.7960728  -0.57551943  2.29008054
 -1.10906053  1.46455566 -2.10526308  1.51034783 -3.0993354   1.54703598
 -4.08881978  1.57621254 -5.076862    1.60630418 -6.06670596  1.641156
 -0.0426208   3.11825163 -1.56954225  2.33841533 -2.56382587  2.38118684
 -3.55604895  2.41770447 -4.54565117  2.45031064 -5.53421736  2.48400034
 -6.52877178  2.52278812  0.49089928  3.94830434 -1.0350216   3.16730502
 -2.02863855  3.21307939 -3.02166774  3.25460955 -4.01283058  3.29112735
 -5.00292926  3.32593148 -5.993941    3.36188038  0.03463677  4.82831964
 -0.50053534  3.99731225 -1.49338776  4.04417015 -3.47962077  4.13035769
 -4.47014529  4.16592442 -5.46175578  4.20181389 -6.45619945  4.23816927
 -0.42117028  5.70797174 -0.95758241  4.87569567 -1.95077512  4.92150294
 -2.48701845  4.08908821 -3.93859001  5.01175946 -5.92160263  5.07858887
 -6.91637809  5.12040695 -0.88110445  6.59191294 -1.41459675  5.7554154
 -2.40828215  5.80591344 -2.94502916  4.96846211 -4.93023311  5