[ 1.  1.  2.  1.  3.  1.  4.  1.  5.  1.  1.  2.  2.  2.  3.  2.  4.  2.
  5.  2.  1.  3.  2.  3.  3.  3.  4.  3.  5.  3.  1.  4.  2.  4.  3.  4.
  4.  4.  5.  4.  1.  5.  2.  5.  3.  5.  4.  5.  5.  5. -1.  1. -2.  1.
 -3.  1. -4.  1. -5.  1. -1.  2. -2.  2. -3.  2. -4.  2. -5.  2. -1.  3.
 -2.  3. -3.  3. -4.  3. -5.  3. -1.  4. -2.  4. -3.  4. -4.  4. -5.  4.
 -1.  5. -2.  5. -3.  5. -4.  5. -5.  5. -1. -1. -2. -1. -3. -1. -4. -1.
 -5. -1. -1. -2. -2. -2. -3. -2. -4. -2. -5. -2. -1. -3. -2. -3. -3. -3.
 -4. -3. -5. -3. -1. -4. -2. -4. -3. -4. -4. -4. -5. -4. -1. -5. -2. -5.
 -3. -5. -4. -5. -5. -5.  1. -1.  2. -1.  3. -1.  4. -1.  5. -1.  1. -2.
  2. -2.  3. -2.  4. -2.  5. -2.  1. -3.  2. -3.  3. -3.  4. -3.  5. -3.
  1. -4.  2. -4.  3. -4.  4. -4.  5. -4.  1. -5.  2. -5.  3. -5.  4. -5.
  5. -5.]
Line search error in SR1 at iteration:  12

Iterations:  12
Function Evaluations:  23
Gradient Evaluations:  23
gk = 
[-2.66260774 -2.66260774 -1.02391316  1.46691553  0.32788656 -1.47025602
  2.35036953 -0.60248336 -0.92560058 -2.76311466  1.46691553 -1.02391316
 -1.45249982 -1.45249982  3.63479155  2.75047658 -2.67365385  2.89565383
  3.99310177 -0.18327476 -1.47025602  0.32788656  2.75047658  3.63479155
 -6.71672251 -6.71672251  0.16957682  0.77757876  2.25588065  1.05795982
 -0.60248336  2.35036953  2.89565383 -2.67365385  0.77757876  0.16957682
 -2.5718234  -2.5718234   2.47158958  2.03891821 -2.76311466 -0.92560058
 -0.18327476  3.99310177  1.05795982  2.25588065  2.03891821  2.47158958
 -0.47034729 -0.47034729  2.66260774 -2.66260774  1.02391316  1.46691553
 -0.32788656 -1.47025602 -2.35036953 -0.60248336  0.92560058 -2.76311466
 -1.46691553 -1.02391316  1.45249982 -1.45249982 -3.63479155  2.75047658
  2.67365385  2.89565383 -3.99310177 -0.18327476  1.47025602  0.32788656
 -2.75047658  3.63479155  6.71672251 -6.71672251 -0.16957682  0.77757876
 -2.25588065  1.05795982  0.60248336  2.35036953 -2.89565383 -2.67365385
 -0.77757876  0.16957682  2.5718234  -2.5718234  -2.47158958  2.03891821
  2.76311466 -0.92560058  0.18327476  3.99310177 -1.05795982  2.25588065
 -2.03891821  2.47158958  0.47034729 -0.47034729  2.66260774  2.66260774
  1.02391316 -1.46691553 -0.32788656  1.47025602 -2.35036953  0.60248336
  0.92560058  2.76311466 -1.46691553  1.02391316  1.45249982  1.45249982
 -3.63479155 -2.75047658  2.67365385 -2.89565383 -3.99310177  0.18327476
  1.47025602 -0.32788656 -2.75047658 -3.63479155  6.71672251  6.71672251
 -0.16957682 -0.77757876 -2.25588065 -1.05795982  0.60248336 -2.35036953
 -2.89565383  2.67365385 -0.77757876 -0.16957682  2.5718234   2.5718234
 -2.47158958 -2.03891821  2.76311466  0.92560058  0.18327476 -3.99310177
 -1.05795982 -2.25588065 -2.03891821 -2.47158958  0.47034729  0.47034729
 -2.66260774  2.66260774 -1.02391316 -1.46691553  0.32788656  1.47025602
  2.35036953  0.60248336 -0.92560058  2.76311466  1.46691553  1.02391316
 -1.45249982  1.45249982  3.63479155 -2.75047658 -2.67365385 -2.89565383
  3.99310177  0.18327476 -1.47025602 -0.32788656  2.75047658 -3.63479155
 -6.71672251  6.71672251  0.16957682 -0.77757876  2.25588065 -1.05795982
 -0.60248336 -2.35036953  2.89565383  2.67365385  0.77757876 -0.16957682
 -2.5718234   2.5718234   2.47158958 -2.03891821 -2.76311466  0.92560058
 -0.18327476 -3.99310177  1.05795982 -2.25588065  2.03891821 -2.47158958
 -0.47034729  0.47034729]
xk = 
[ 0.87198758  0.87198758  1.90220698  0.80369664  2.93586536  0.88667262
  3.94068121  0.81122107  4.91786176  0.85035138  0.80369664  1.90220698
  1.76712042  1.76712042  2.75856881  1.86623302  3.72854944  1.78739193
  4.77004715  1.92366286  0.88667262  2.93586536  1.86623302  2.75856881
  2.82541826  2.82541826  3.856538    2.75468434  4.83520732  2.98816588
  0.81122107  3.94068121  1.78739193  3.72854944  2.75468434  3.856538
  3.72205813  3.72205813  4.70935459  3.99511043  0.85035138  4.91786176
  1.92366286  4.77004715  2.98816588  4.83520732  3.99511043  4.70935459
  4.95575242  4.95575242 -0.87198758  0.87198758 -1.90220698  0.80369664
 -2.93586536  0.88667262 -3.94068121  0.81122107 -4.91786176  0.85035138
 -0.80369664  1.90220698 -1.76712042  1.76712042 -2.75856881  1.86623302
 -3.72854944  1.78739193 -4.77004715  1.92366286 -0.88667262  2.93586536
 -1.86623302  2.75856881 -2.82541826  2.82541826 -3.856538    2.75468434
 -4.83520732  2.98816588 -0.81122107  3.94068121 -1.78739193  3.72854944
 -2.75468434  3.856538   -3.72205813  3.72205813 -4.70935459  3.99511043
 -0.85035138  4.91786176 -1.92366286  4.77004715 -2.98816588  4.83520732
 -3.99511043  4.70935459 -4.95575242  4.95575242 -0.87198758 -0.87198758
 -1.90220698 -0.80369664 -2.93586536 -0.88667262 -3.94068121 -0.81122107
 -4.91786176 -0.85035138 -0.80369664 -1.90220698 -1.76712042 -1.76712042
 -2.75856881 -1.86623302 -3.72854944 -1.78739193 -4.77004715 -1.92366286
 -0.88667262 -2.93586536 -1.86623302 -2.75856881 -2.82541826 -2.82541826
 -3.856538   -2.75468434 -4.83520732 -2.98816588 -0.81122107 -3.94068121
 -1.78739193 -3.72854944 -2.75468434 -3.856538   -3.72205813 -3.72205813
 -4.70935459 -3.99511043 -0.85035138 -4.91786176 -1.92366286 -4.77004715
 -2.98816588 -4.83520732 -3.99511043 -4.70935459 -4.95575242 -4.95575242
  0.87198758 -0.87198758  1.90220698 -0.80369664  2.93586536 -0.88667262
  3.94068121 -0.81122107  4.91786176 -0.85035138  0.80369664 -1.90220698
  1.76712042 -1.76712042  2.75856881 -1.86623302  3.72854944 -1.78739193
  4.77004715 -1.92366286  0.88667262 -2.93586536  1.86623302 -2.75856881
  2.82541826 -2.82541826  3.856538   -2.75468434  4.83520732 -2.98816588
  0.81122107 -3.94068121  1.78739193 -3.72854944  2.75468434 -3.856538
  3.72205813 -3.72205813  4.70935459 -3.99511043  0.85035138 -4.91786176
  1.92366286 -4.77004715  2.98816588 -4.83520732  3.99511043 -4.70935459
  4.95575242 -4.95575242]
fk = 
-203.285927477
 
Line search error in BFGS at iteration:  278

Iterations:  278
Function Evaluations:  315
Gradient Evaluations:  315
gk = 
[  2.02502987e-07   1.15678465e-07  -1.63557876e-08   6.93962461e-08
  -1.45993397e-07  -7.36450881e-08  -1.69706318e-07   3.66538332e-08
   7.19025375e-08  -2.91601267e-07   4.46734530e-07  -2.41647492e-07
  -3.40916553e-08   4.82228700e-08  -2.02121658e-07  -1.87926397e-08
   1.86764119e-07   5.84475865e-07   9.08120640e-08  -1.20598393e-07
   3.13362142e-07  -1.62433839e-07   8.85402946e-09  -2.21247738e-07
   4.29361479e-07   2.24149257e-07  -9.59861220e-07  -1.43207920e-08
   4.49176706e-07   8.02391240e-08  -1.07358056e-07   2.95309789e-08
  -4.56627597e-07  -1.32901822e-07   4.54382605e-07   2.61898894e-07
   3.56099241e-09  -8.65582400e-07  -2.60627216e-07  -3.08929125e-08
   3.62889573e-07  -5.33729075e-08  -2.60743774e-08   2.50255260e-07
  -3.50792590e-08   4.09684713e-08  -8.55830823e-08   4.84607544e-08
   1.76826118e-07   1.52226511e-07   1.10896219e-07   3.29742011e-09
   5.35537721e-08  -5.57434781e-07  -3.08013468e-07   3.07279261e-07
   1.75717556e-07  -1.25427950e-07  -2.19555048e-07  -3.88369439e-07
  -3.05841639e-07   1.44153856e-07  -3.93952254e-07   1.51303403e-06
   1.23580863e-06  -5.71167352e-07  -1.16214538e-06   2.81646413e-07
   4.19010518e-07  -1.40806130e-07   4.93406015e-07   6.49728783e-07
  -8.82024001e-07  -1.26833538e-06   4.08316337e-07  -1.45908692e-08
  -4.61037786e-07  -7.29944813e-07   3.57657346e-07   2.13782095e-07
  -3.06798690e-07  -5.36105701e-07   3.87212167e-08   2.89312591e-07
   2.26679580e-07  -3.55941010e-07   6.29286577e-07   1.22554981e-06
  -2.25832519e-07  -2.60872634e-07  -2.34511213e-07   1.12586976e-07
   1.36116501e-08  -1.79941861e-07   9.03095780e-08   2.55263670e-07
  -4.69469403e-07  -1.94453158e-07   6.58472771e-08   9.21006714e-08
  -3.90344694e-07  -1.33125871e-07   9.27688935e-08  -1.51794342e-07
   1.28255552e-07  -4.30624959e-07   2.52743181e-07   2.76057409e-07
   5.89964705e-08   4.25802962e-07  -3.07687925e-07  -3.21264309e-08
   2.91792352e-08   6.93463393e-07  -7.07162546e-07  -4.48420675e-07
   6.34444625e-07  -6.23180312e-07  -5.37817915e-08  -5.64775494e-08
   3.39432396e-07   3.00965316e-07  -5.56595211e-09  -2.52821609e-07
   3.70039055e-08   1.43547174e-07  -3.92605364e-07   8.73987699e-07
   5.39862041e-08   2.26348100e-07  -6.57802490e-07  -1.32325545e-07
   2.80975082e-07   3.01598548e-07  -5.73725753e-08  -6.80103791e-07
  -7.13157633e-07   1.75754718e-08   2.66385568e-07  -1.32787485e-08
   3.46565608e-07  -1.75624238e-07  -1.94770360e-08   4.15628330e-07
   5.87893985e-08   1.42274547e-07   8.81652023e-08  -2.20791060e-08
   1.33412606e-07  -6.54156465e-08   1.90561872e-07   2.74905167e-08
  -2.99548146e-08  -6.13665032e-08   1.16720519e-08  -1.48316730e-07
   1.43531326e-07  -3.14393276e-07  -5.21094577e-08   3.31270647e-07
   4.51568571e-07  -2.55983864e-07  -3.20038039e-07  -4.10300692e-07
  -2.66662956e-08  -1.18824480e-08   9.06122607e-08  -1.73057694e-07
  -1.95510802e-07   3.48235945e-07   3.66754548e-07   7.61448466e-07
  -1.41103533e-09   3.34744190e-07   4.08150691e-07   2.94359273e-07
  -5.21843398e-07  -3.83343956e-07  -1.01903552e-07  -1.41977616e-07
   4.49185968e-08  -2.60930985e-07  -3.96828555e-07  -6.81931720e-08
  -2.40654488e-07  -2.27201503e-07   7.93569088e-08  -7.46341144e-09
  -6.84550623e-08   4.78339130e-07   3.08966258e-07  -2.36996977e-08
   1.17314372e-07  -9.83561069e-08   3.03356545e-08   2.32225121e-07
  -1.95910671e-07  -3.23105492e-08   3.64106013e-07  -2.68648943e-07]
xk = 
[,0.40025724,0.44738666,1.38816867,0.38382513,2.37617082,0.32011515
,3.36508482,0.25650475,4.35969219,0.19605202,-0.03896987,1.33522767
,0.94910275,1.27181016,1.93702528,1.20804768,2.92494731,1.14374323
,3.91488904,1.08027031,0.51013978,2.15974334,1.49846498,2.09617617
,2.48658738,2.03208623,3.47478685,1.96679096,4.471707,1.90081028
,0.07088831,3.04786962,1.05985356,2.98442713,2.04877323,2.92068607
,3.03750933,2.8561442,4.02685147,2.78772294,0.62084379,3.87628559
,1.61072492,3.81265009,2.6010809,3.7485227,3.59253721,3.68285277
,4.58819049,3.60585254,-0.5877757,0.51072719,-1.57608786,0.57388603
,-2.56475126,0.63692649,-3.55457676,0.6991107,-4.54707943,0.76080728
,-1.02717603,1.39820009,-2.01573964,1.46102721,-3.00475654,1.52345956
,-3.99446177,1.58721225,-4.98903486,1.65118575,-0.47827393,2.22298543
,-1.46658151,2.28539837,-2.45540345,2.34791816,-3.44433288,2.41044487
,-4.43760342,2.47804091,-0.91795774,3.11113906,-1.9060734,3.17242265
,-2.34612427,4.06071,-2.89516272,3.23536309,-3.88457323,3.29853444
,-0.36888208,3.93976356,-1.35860848,4.00350525,-2.78379623,4.95295135
,-3.33623638,4.12555284,-4.32915105,4.18740532,-0.14838472,-0.37701339
,-1.13646049,-0.31353932,-2.12477806,-0.25028098,-3.11343933,-0.18694246
,-4.10712916,-0.12855407,-0.69699791,-1.20124778,-1.68510098,-1.13765645
,-2.67334348,-1.07464141,-3.66222985,-1.01192835,-4.21873369,-1.83213222
,-0.25764126,-2.08917058,-1.24592884,-2.02523286,-2.23428887,-1.96160841
,-3.22354673,-1.89962187,-3.77825433,-2.72472976,-0.80660356,-2.91303686
,-1.79545018,-2.84905506,-2.34489032,-3.67434452,-2.78384275,-2.78545393
,-3.33322958,-3.60966915,-0.36980605,-3.80727187,-1.3565236,-3.73750873
,-1.89995795,-4.56677023,-2.89410395,-4.50359292,-3.89026725,-4.43050594
,0.83951575,-0.4405564,1.82738728,-0.50402348,2.81563764,-0.567046
,3.8052727,-0.62913891,4.8005128,-0.69608816,0.29098366,-1.26496275
,1.27879767,-1.32856649,2.26676305,-1.39153717,3.25501594,-1.45358161
,4.24490263,-1.51700937,0.73022034,-2.15326467,1.71840774,-2.21642265
,2.70663633,-2.27888162,3.69501948,-2.34026746,4.69205189,-2.40233786
,0.18109277,-2.97830861,1.16987732,-3.04152637,2.15882223,-3.1044198
,3.14767701,-3.16659187,4.13758709,-3.22513763,0.62021388,-3.87016102
,1.61030143,-3.93322862,2.60079477,-3.99597548,3.59250399,-4.05746391
,4.58983065,-4.10827421]
fk = 
-287.07286984
 
Reached max number of iterations
Iterations:  1000
Function Evaluations:  1030
Gradient Evaluations:  1030
gk = 
[ 5.03264342 -0.45991282  0.83774139 -5.43166316 -2.9910599  -1.27511754
  3.09362766  1.00095088  0.36462572  1.05420403  0.34952032  1.49271329
 -2.96069623  1.74514104  0.63439569 -3.57011083  1.09344792  0.20055222
 -0.83133019  0.1845059   0.42030245 -1.91744672  0.36484686  2.11550667
 -1.22427998  0.02973857  0.83589671 -1.83623063  0.69513726  0.50878933
 -1.36919942  2.45073728 -1.38204553 -0.81981926  1.49735208  1.08503973
 -0.55956532  2.01954674 -0.37206352 -1.02516301  1.29529074  0.01940507
  0.91825485  0.24864451  0.55141133  0.5207633  -0.61163352 -0.63304091
 -0.15662402  0.27565556 -7.26180848 -0.27009937  2.12511897  1.53065729
  3.54373063 -1.81040177 -3.08850923  4.28760888 -4.04760619 -1.95826153
 -1.32599468 -2.07948535  1.51433074  0.05392205  1.52725077  0.50580784
 -3.68283113  1.60118579  3.85868228 -2.68682548 -0.88671469 -0.54605749
 -0.96865364 -0.64293125  0.31805152 -0.26152549  0.36712231  1.82242438
 -0.83232875 -2.01467678 -0.56010132 -0.66184944 -0.36418534 -0.48315638
  0.49508245 -0.87921163 -1.53564361 -1.7776298   1.50273203  2.30699852
  0.01786841  0.1549136  -0.66015542  0.37765948 -1.24060816 -0.81835811
  2.08545942  2.03965352  0.14602262 -0.59322442  4.31451559 -0.01352495
 -1.74131582 -0.78366111 -4.93758115  2.57922362  0.39915711 -2.97270109
  7.97486686 -0.35449909  6.02207697  3.84365715  0.5708206   0.98138226
 -4.83056582 -2.42426858  2.19787564  2.15211261 -0.89950626 -0.46314781
 -1.03448005 -5.04473498 -0.63835498  0.36484648  3.31805242  2.27501202
  0.71627449 -2.72870513 -1.14685013  2.32411696  0.21982358  7.72293162
 -0.41537908  1.11292445  8.04062452 -1.79243776 -1.77254752 -2.57007681
  2.0725823  -0.82732102  0.86783365  3.72536541 -3.90519178 -5.83780512
 -0.29963736 -1.38292139 -0.96464919 -0.216078   -0.25615227  0.46707681
 -2.69330835  0.91737585  1.86891675  3.80240669 -5.35596827 -0.68910542
 -1.01405135  0.32518198  1.38982522 -0.58097339 -2.62677436  4.4187186
  2.58320541 -1.68510679 -1.02961113 -1.09022975  2.55794725 -1.05383266
 -0.31470122 -1.03531472 -2.30898325 -0.47969948 -0.95886457 -0.19800199
 -0.22728287 -0.39033601  1.39176316  0.56561865 -0.55880332  1.21745508
 -0.12810974  0.10994271  0.80792774 -2.73667412 -0.7243505   0.33587758
  0.65853902 -1.34516785 -0.55242988 -1.22299399 -1.00812011  2.10894377
 -1.54221873 -0.18727639 -1.78304946  2.492731    2.60199256 -0.43548607
 -1.47809055  1.51865392]
xk = 
[ -2.13298544e-02   8.89504073e-01   1.44268974e+00  -8.53444761e-03
   2.43018809e+00  -3.64530096e-02   3.43946270e+00  -5.78930596e-02
   4.43204020e+00  -7.85678585e-02   4.70929419e-01   1.74219267e+00
   9.54328134e-01   8.79584079e-01   1.95241070e+00   8.25148936e-01
   2.94775427e+00   8.11173245e-01   3.93981881e+00   7.95943848e-01
  -2.65796121e-02   2.58309232e+00   1.46881843e+00   1.72504405e+00
   2.45306563e+00   1.68537266e+00   3.45348731e+00   1.65970443e+00
   3.96538869e+00   2.51831829e+00  -5.08259896e-01   3.46525711e+00
   9.73832110e-01   2.58239357e+00   1.97694114e+00   2.56906350e+00
   2.96339039e+00   2.54181228e+00   3.47278447e+00   3.38444889e+00
   2.26266362e-02   4.31356711e+00   4.91784788e-01   3.44078461e+00
   1.48813986e+00   3.44138208e+00   2.47821534e+00   3.41040861e+00
   2.98634512e+00   4.26218303e+00  -1.07006734e+00   8.79250557e-01
  -2.02956922e+00   9.14241522e-01  -3.00919959e+00   9.20574967e-01
  -4.03393240e+00   9.17931123e-01  -4.54657701e+00   1.75129195e-03
  -5.36884137e-01   1.72058945e+00  -1.51649511e+00   1.75795564e+00
  -2.50800941e+00   1.77374541e+00  -3.51189943e+00   1.78308414e+00
  -4.47986966e+00   1.77946470e+00  -1.01539154e+00   2.60192550e+00
  -2.00936167e+00   2.61642404e+00  -2.99901907e+00   2.63088563e+00
  -3.99065321e+00   2.65188235e+00  -4.48750754e+00   3.50267356e+00
  -9.86929690e-01   4.31965224e+00  -1.50039208e+00   3.46482062e+00
  -2.48999229e+00   3.47922871e+00  -3.48740675e+00   3.49593842e+00
  -3.94858332e+00   4.37700280e+00  -1.46344338e+00   5.19060955e+00
  -1.97660542e+00   4.33440290e+00  -2.45916794e+00   5.20411694e+00
  -2.95626556e+00   4.35571162e+00  -3.44635699e+00   5.22500860e+00
  -5.36586785e-01   4.21340714e-02  -1.56213397e+00   2.87671024e-02
  -2.53822211e+00   6.06558808e-02  -3.02237509e+00  -8.01296198e-01
  -3.49574536e+00   6.25877093e-02   4.80354032e-01  -1.65064548e+00
  -1.05609966e+00  -8.07686099e-01  -1.67631461e+00  -1.87016351e+00
  -2.03253697e+00  -8.50280531e-01  -3.76373028e+00  -1.44111081e+00
  -4.99902980e-02  -2.47223385e+00  -7.38974672e-02  -8.33364261e-01
  -2.35302196e+00  -2.61206131e+00  -2.63414061e+00  -1.68229197e+00
  -3.35667743e+00  -2.33560538e+00  -5.72153677e-01  -3.24681051e+00
  -6.31320047e-01  -1.68363695e+00  -1.41715356e+00  -2.86302028e+00
  -2.17690646e+00  -3.61690748e+00  -3.08868156e+00  -3.28784268e+00
  -9.70790872e-01  -4.85539478e+00  -1.27399872e+00  -3.94625463e+00
  -2.06991434e+00  -6.04518627e+00  -1.98851689e+00  -4.62959469e+00
  -2.92350432e+00  -4.26950496e+00   4.35023253e-01   3.42273553e-02
   1.91930087e+00  -8.63467950e-01   2.88874080e+00  -9.15719539e-01
   3.89412071e+00  -9.34094516e-01   4.90400577e+00  -9.68800366e-01
   9.20067935e-01  -8.04693309e-01   1.44867806e+00  -1.72358079e+00
   2.41255074e+00  -1.77296296e+00   3.40302856e+00  -1.79576739e+00
   4.38237605e+00  -1.81512681e+00   9.09827399e-01  -2.55483175e+00
   1.88421667e+00  -2.61491121e+00   2.87431947e+00  -2.64623315e+00
   3.86810448e+00  -2.66944876e+00   4.85340628e+00  -2.68395887e+00
   3.78426092e-01  -3.37886089e+00   1.34881612e+00  -3.45644095e+00
   2.33869026e+00  -3.48921653e+00   3.33480217e+00  -3.51768592e+00
   4.33016469e+00  -3.55097088e+00  -2.59039480e-01  -4.15865225e+00
   7.51992086e-01  -4.28530932e+00   1.77821666e+00  -4.31980976e+00
   2.80525064e+00  -4.36645409e+00   3.79027985e+00  -4.38428486e+00]
fk = 
-278.458306885
 
